0.0107821 -0.0786431 0.0139555
0.0107821 -0.0835723 0.00205527
0.0107821 -0.0686693 0.0380343
0.0107821 -0.0630232 0.0516652
0.0107821 -0.0739009 0.025404
0.0107821 -0.0723577 0.0291296
0.0107821 -0.0822275 0.00530178
0.0107821 -0.0724038 0.0290185
0.0107821 -0.0758331 0.0207393
0.0107821 -0.0653768 0.0459831
0.0107821 -0.0799111 0.0108943
0.0107821 -0.0769325 0.0180851
0.0107821 -0.0703635 0.0339441
0.0107821 -0.0682354 0.0390818
0.0107821 -0.0677532 0.0402458
0.0107821 -0.0739226 0.0253516
0.0107821 -0.0823622 0.00497664
0.0107821 -0.0676838 0.0404134
0.0107821 -0.0711351 0.0320814
0.0107821 -0.0628653 0.0520464
0.0107821 -0.0639984 0.0493108
0.0107821 -0.0773718 0.0170246
0.0107821 -0.0699596 0.0349192
0.0107821 -0.0779002 0.0157489
0.0107821 -0.0768336 0.0183239
0.0107821 -0.0751713 0.0223371
0.0107821 -0.0843127 0.000267799
0.0107821 -0.0750762 0.0225666
0.0107821 -0.0773497 0.017078
0.0107821 -0.0779286 0.0156802
0.0107821 -0.0697282 0.0354778
0.0107821 -0.0842061 0.000525101
0.0107821 -0.0717235 0.0306607
0.0107821 -0.0708057 0.0328766
0.0107821 -0.0633534 0.050868
0.0107821 -0.0720791 0.0298024
0.0107821 -0.0703948 0.0338686
0.0107821 -0.0626674 0.052524
0.0107821 -0.0824485 0.00476822
0.0107821 -0.077595 0.0164858
0.118452 -0.238491 0.0423211
0.118452 -0.25344 0.00623277
0.118452 -0.208245 0.115342
0.118452 -0.191123 0.156679
0.118452 -0.22411 0.0770397
0.118452 -0.219431 0.088338
0.118452 -0.249362 0.0160781
0.118452 -0.21957 0.0880008
0.118452 -0.22997 0.0628937
0.118452 -0.19826 0.139447
0.118452 -0.242337 0.0330377
0.118452 -0.233304 0.0548444
0.118452 -0.213383 0.102938
0.118452 -0.206929 0.118519
0.118452 -0.205467 0.122049
0.118452 -0.224176 0.0768808
0.118452 -0.24977 0.0150921
0.118452 -0.205257 0.122557
0.118452 -0.215723 0.0972893
0.118452 -0.190644 0.157835
0.118452 -0.19408 0.149539
0.118452 -0.234636 0.0516286
0.118452 -0.212158 0.105895
0.118452 -0.236239 0.0477597
0.118452 -0.233004 0.0555686
0.118452 -0.227963 0.067739
0.118452 -0.255685 0.000812122
0.118452 -0.227675 0.068435
0.118452 -0.234569 0.0517903
0.118452 -0.236325 0.0475515
0.118452 -0.211456 0.107589
0.118452 -0.255362 0.00159241
0.118452 -0.217507 0.092981
0.118452 -0.214724 0.0997008
0.118452 -0.192124 0.154261
0.118452 -0.218586 0.090378
0.118452 -0.213478 0.102709
0.118452 -0.190044 0.159283
0.118452 -0.250032 0.01446
0.118452 -0.235313 0.0499944
0.647525 -0.116826 0.0207312
0.647525 -0.124149 0.00305316
0.647525 -0.10201 0.0565009
0.647525 -0.0936226 0.07675
0.647525 -0.109782 0.0377383
0.647525 -0.107489 0.0432728
0.647525 -0.122151 0.00787593
0.647525 -0.107558 0.0431077
0.647525 -0.112652 0.0308088
0.647525 -0.0971189 0.0683091
0.647525 -0.11871 0.0161837
0.647525 -0.114285 0.0268659
0.647525 -0.104527 0.0504249
0.647525 -0.101365 0.0580571
0.647525 -0.100649 0.0597862
0.647525 -0.109814 0.0376605
0.647525 -0.122351 0.00739293
0.647525 -0.100546 0.0600351
0.647525 -0.105673 0.0476577
0.647525 -0.093388 0.0773163
0.647525 -0.0950713 0.0732525
0.647525 -0.114938 0.0252905
0.647525 -0.103927 0.0518734
0.647525 -0.115723 0.0233953
0.647525 -0.114138 0.0272206
0.647525 -0.111669 0.0331823
0.647525 -0.125249 0.000397822
0.647525 -0.111528 0.0335232
0.647525 -0.114905 0.0253698
0.647525 -0.115765 0.0232934
0.647525 -0.103583 0.0527032
0.647525 -0.12509 0.000780051
0.647525 -0.106547 0.0455473
0.647525 -0.105184 0.048839
0.647525 -0.0941131 0.0755658
0.647525 -0.107075 0.0442722
0.647525 -0.104573 0.0503127
0.647525 -0.0930941 0.0780258
0.647525 -0.122479 0.00708331
0.647525 -0.115269 0.0244901
0.389699 -0.308869 0.0548099
0.389699 -0.328229 0.00807204
0.389699 -0.269698 0.149379
0.389699 -0.247523 0.202914
0.389699 -0.290245 0.099774
0.389699 -0.284184 0.114406
0.389699 -0.322947 0.0208227
0.389699 -0.284365 0.11397
0.389699 -0.297833 0.0814534
0.389699 -0.256766 0.180598
0.389699 -0.313849 0.042787
0.389699 -0.302151 0.0710289
0.389699 -0.276352 0.133315
0.389699 -0.267993 0.153493
0.389699 -0.2661 0.158065
0.389699 -0.29033 0.0995681
0.389699 -0.323476 0.0195457
0.389699 -0.265827 0.158723
0.389699 -0.279382 0.125999
0.389699 -0.246902 0.204412
0.389699 -0.251353 0.193668
0.389699 -0.303876 0.066864
0.389699 -0.274765 0.137145
0.389699 -0.305952 0.0618534
0.389699 -0.301763 0.0719667
0.389699 -0.295234 0.0877286
0.389699 -0.331137 0.00105178
0.389699 -0.294861 0.0886299
0.389699 -0.30379 0.0670735
0.389699 -0.306064 0.0615838
0.389699 -0.273857 0.139338
0.389699 -0.330718 0.00206233
0.389699 -0.281693 0.120419
0.389699 -0.278088 0.129122
0.389699 -0.248819 0.199783
0.389699 -0.283089 0.117048
0.389699 -0.276474 0.133019
0.389699 -0.246125 0.206287
0.389699 -0.323815 0.0187271
0.389699 -0.304753 0.0647477
0.192641 -0.28302 0.0502229
0.192641 -0.300759 0.00739649
0.192641 -0.247127 0.136877
0.192641 -0.226807 0.185932
0.192641 -0.265954 0.0914238
0.192641 -0.2604 0.104832
0.192641 -0.29592 0.01908
0.192641 -0.260566 0.104431
0.192641 -0.272908 0.0746365
0.192641 -0.235278 0.165484
0.192641 -0.287583 0.0392062
0.192641 -0.276864 0.0650845
0.192641 -0.253224 0.122158
0.192641 -0.245565 0.140647
0.192641 -0.24383 0.144836
0.192641 -0.266032 0.0912352
0.192641 -0.296405 0.0179099
0.192641 -0.24358 0.145439
0.192641 -0.256 0.115454
0.192641 -0.226239 0.187304
0.192641 -0.230317 0.17746
0.192641 -0.278445 0.0612681
0.192641 -0.25177 0.125667
0.192641 -0.280347 0.0566769
0.192641 -0.276508 0.0659438
0.192641 -0.270526 0.0803866
0.192641 -0.303424 0.000963753
0.192641 -0.270184 0.0812125
0.192641 -0.278365 0.0614601
0.192641 -0.280449 0.0564298
0.192641 -0.250937 0.127677
0.192641 -0.30304 0.00188973
0.192641 -0.258118 0.110342
0.192641 -0.254815 0.118316
0.192641 -0.227996 0.183063
0.192641 -0.259398 0.107253
0.192641 -0.253336 0.121886
0.192641 -0.225527 0.189023
0.192641 -0.296715 0.0171598
0.192641 -0.279248 0.0593289
0.491615 -0.277259 0.0492006
0.491615 -0.294638 0.00724594
0.491615 -0.242097 0.134091
0.491615 -0.222191 0.182148
0.491615 -0.260541 0.089563
0.491615 -0.2551 0.102698
0.491615 -0.289897 0.0186917
0.491615 -0.255263 0.102306
0.491615 -0.267353 0.0731174
0.491615 -0.230489 0.162115
0.491615 -0.28173 0.0384081
0.491615 -0.271229 0.0637597
0.491615 -0.24807 0.119671
0.491615 -0.240567 0.137785
0.491615 -0.238867 0.141888
0.491615 -0.260617 0.0893782
0.491615 -0.290372 0.0175454
0.491615 -0.238622 0.142479
0.491615 -0.25079 0.113104
0.491615 -0.221634 0.183492
0.491615 -0.225629 0.173848
0.491615 -0.272777 0.0600211
0.491615 -0.246646 0.123109
0.491615 -0.274641 0.0555233
0.491615 -0.27088 0.0646015
0.491615 -0.26502 0.0787504
0.491615 -0.297248 0.000944137
0.491615 -0.264684 0.0795595
0.491615 -0.2727 0.0602091
0.491615 -0.274741 0.0552812
0.491615 -0.24583 0.125078
0.491615 -0.296872 0.00185127
0.491615 -0.252864 0.108096
0.491615 -0.249628 0.115908
0.491615 -0.223355 0.179337
0.491615 -0.254118 0.10507
0.491615 -0.24818 0.119405
0.491615 -0.220937 0.185176
0.491615 -0.290676 0.0168106
0.491615 -0.273564 0.0581213
0.600781 -0.192436 0.0341485
0.600781 -0.204498 0.00502916
0.600781 -0.168031 0.0930683
0.600781 -0.154215 0.126423
0.600781 -0.180833 0.0621627
0.600781 -0.177056 0.0712791
0.600781 -0.201208 0.0129732
0.600781 -0.177169 0.071007
0.600781 -0.185561 0.0507483
0.600781 -0.159974 0.112519
0.600781 -0.195539 0.0266578
0.600781 -0.188251 0.0442535
0.600781 -0.172177 0.0830599
0.600781 -0.166969 0.0956317
0.600781 -0.165789 0.09848
0.600781 -0.180886 0.0620344
0.600781 -0.201537 0.0121776
0.600781 -0.16562 0.09889
0.600781 -0.174065 0.0785019
0.600781 -0.153829 0.127356
0.600781 -0.156602 0.120662
0.600781 -0.189326 0.0416586
0.600781 -0.171188 0.085446
0.600781 -0.190619 0.0385368
0.600781 -0.188009 0.0448378
0.600781 -0.183941 0.054658
0.600781 -0.20631 0.000655294
0.600781 -0.183709 0.0552195
0.600781 -0.189272 0.0417891
0.600781 -0.190688 0.0383688
0.600781 -0.170622 0.0868127
0.600781 -0.206049 0.0012849
0.600781 -0.175505 0.0750255
0.600781 -0.173259 0.0804477
0.600781 -0.155023 0.124472
0.600781 -0.176375 0.0729252
0.600781 -0.172253 0.0828752
0.600781 -0.153345 0.128524
0.600781 -0.201748 0.0116676
0.600781 -0.189872 0.04034
0.47178 -0.286167 0.0507813
0.47178 -0.304103 0.00747872
0.47178 -0.249874 0.138399
0.47178 -0.229329 0.188
0.47178 -0.268911 0.0924403
0.47178 -0.263296 0.105997
0.47178 -0.29921 0.0192921
0.47178 -0.263463 0.105593
0.47178 -0.275942 0.0754664
0.47178 -0.237893 0.167324
0.47178 -0.290781 0.0396421
0.47178 -0.279942 0.0658081
0.47178 -0.256039 0.123516
0.47178 -0.248295 0.142211
0.47178 -0.246541 0.146447
0.47178 -0.26899 0.0922496
0.47178 -0.2997 0.018109
0.47178 -0.246288 0.147056
0.47178 -0.258847 0.116738
0.47178 -0.228754 0.189387
0.47178 -0.232878 0.179433
0.47178 -0.281541 0.0619493
0.47178 -0.254569 0.127064
0.47178 -0.283464 0.0573071
0.47178 -0.279583 0.066677
0.47178 -0.273534 0.0812804
0.47178 -0.306797 0.000974469
0.47178 -0.273188 0.0821154
0.47178 -0.28146 0.0621434
0.47178 -0.283567 0.0570572
0.47178 -0.253727 0.129097
0.47178 -0.30641 0.00191074
0.47178 -0.260988 0.111568
0.47178 -0.257648 0.119631
0.47178 -0.230531 0.185099
0.47178 -0.262282 0.108445
0.47178 -0.256153 0.123241
0.47178 -0.228035 0.191125
0.47178 -0.300014 0.0173506
0.47178 -0.282353 0.0599885
0.665865 -0.058634 0.0104048
0.665865 -0.0623091 0.00153235
0.665865 -0.0511979 0.0283573
0.665865 -0.0469883 0.0385201
0.665865 -0.0550984 0.0189405
0.665865 -0.0539479 0.0217182
0.665865 -0.0613065 0.00395286
0.665865 -0.0539822 0.0216353
0.665865 -0.056539 0.0154627
0.665865 -0.0487431 0.0342837
0.665865 -0.0595794 0.00812245
0.665865 -0.0573587 0.0134837
0.665865 -0.052461 0.0253078
0.665865 -0.0508744 0.0291383
0.665865 -0.0505149 0.0300062
0.665865 -0.0551146 0.0189014
0.665865 -0.0614069 0.00371044
0.665865 -0.0504632 0.0301311
0.665865 -0.0530363 0.023919
0.665865 -0.0468706 0.0388044
0.665865 -0.0477154 0.0367648
0.665865 -0.0576862 0.0126931
0.665865 -0.0521599 0.0260348
0.665865 -0.0580802 0.0117419
0.665865 -0.057285 0.0136618
0.665865 -0.0560456 0.0166539
0.665865 -0.0628612 0.000199663
0.665865 -0.0559747 0.016825
0.665865 -0.0576697 0.0127329
0.665865 -0.0581014 0.0116907
0.665865 -0.0519874 0.0264512
0.665865 -0.0627817 0.000391501
0.665865 -0.053475 0.0228598
0.665865 -0.0527907 0.0245118
0.665865 -0.0472345 0.0379258
0.665865 -0.0537401 0.0222198
0.665865 -0.0524843 0.0252515
0.665865 -0.0467231 0.0391604
0.665865 -0.0614713 0.00355505
0.665865 -0.0578526 0.0122913
0.671374 -0.0160283 0.00284427
0.671374 -0.0170329 0.000418885
0.671374 -0.0139955 0.00775178
0.671374 -0.0128448 0.0105299
0.671374 -0.0150618 0.00517761
0.671374 -0.0147473 0.00593693
0.671374 -0.0167588 0.00108056
0.671374 -0.0147566 0.00591427
0.671374 -0.0154556 0.00422689
0.671374 -0.0133245 0.00937184
0.671374 -0.0162867 0.00222036
0.671374 -0.0156797 0.00368593
0.671374 -0.0143408 0.00691817
0.671374 -0.0139071 0.00796529
0.671374 -0.0138088 0.00820252
0.671374 -0.0150662 0.00516692
0.671374 -0.0167863 0.00101429
0.671374 -0.0137947 0.00823667
0.671374 -0.0144981 0.00653852
0.671374 -0.0128126 0.0106076
0.671374 -0.0130435 0.0100501
0.671374 -0.0157692 0.0034698
0.671374 -0.0142585 0.00711691
0.671374 -0.0158769 0.00320978
0.671374 -0.0156595 0.00373459
0.671374 -0.0153207 0.00455254
0.671374 -0.0171838 5.45803e-05
0.671374 -0.0153013 0.00459931
0.671374 -0.0157647 0.00348067
0.671374 -0.0158827 0.00319579
0.671374 -0.0142113 0.00723074
0.671374 -0.0171621 0.000107021
0.671374 -0.014618 0.00624897
0.671374 -0.0144309 0.00670059
0.671374 -0.0129121 0.0103674
0.671374 -0.0146905 0.00607403
0.671374 -0.0143472 0.00690278
0.671374 -0.0127723 0.010705
0.671374 -0.0168039 0.000971812
0.671374 -0.0158147 0.00335997
0.0275535 -0.124113 0.0220242
0.0275535 -0.131892 0.00324358
0.0275535 -0.108372 0.0600248
0.0275535 -0.0994617 0.0815368
0.0275535 -0.116629 0.040092
0.0275535 -0.114193 0.0459717
0.0275535 -0.12977 0.00836714
0.0275535 -0.114266 0.0457962
0.0275535 -0.119678 0.0327303
0.0275535 -0.103176 0.0725694
0.0275535 -0.126114 0.017193
0.0275535 -0.121413 0.0285414
0.0275535 -0.111046 0.0535698
0.0275535 -0.107687 0.061678
0.0275535 -0.106927 0.063515
0.0275535 -0.116663 0.0400093
0.0275535 -0.129982 0.00785401
0.0275535 -0.106817 0.0637794
0.0275535 -0.112264 0.0506301
0.0275535 -0.0992125 0.0821384
0.0275535 -0.101001 0.0778212
0.0275535 -0.122106 0.0268679
0.0275535 -0.110409 0.0551087
0.0275535 -0.12294 0.0248545
0.0275535 -0.121257 0.0289183
0.0275535 -0.118634 0.0352519
0.0275535 -0.13306 0.000422634
0.0275535 -0.118483 0.035614
0.0275535 -0.122071 0.026952
0.0275535 -0.122985 0.0247461
0.0275535 -0.110043 0.0559902
0.0275535 -0.132892 0.000828702
0.0275535 -0.113192 0.048388
0.0275535 -0.111744 0.051885
0.0275535 -0.0999828 0.0802787
0.0275535 -0.113753 0.0470334
0.0275535 -0.111095 0.0534507
0.0275535 -0.0989002 0.0828922
0.0275535 -0.130118 0.00752508
0.0275535 -0.122459 0.0260175
0.0963451 -0.219342 0.038923
0.0963451 -0.23309 0.00573233
0.0963451 -0.191525 0.106081
0.0963451 -0.175777 0.144099
0.0963451 -0.206116 0.0708541
0.0963451 -0.201812 0.0812451
0.0963451 -0.22934 0.0147871
0.0963451 -0.20194 0.080935
0.0963451 -0.211505 0.0578438
0.0963451 -0.182342 0.128251
0.0963451 -0.222879 0.030385
0.0963451 -0.214572 0.0504409
0.0963451 -0.19625 0.0946731
0.0963451 -0.190314 0.109003
0.0963451 -0.18897 0.112249
0.0963451 -0.206177 0.0707079
0.0963451 -0.229715 0.0138803
0.0963451 -0.188776 0.112716
0.0963451 -0.198402 0.0894778
0.0963451 -0.175337 0.145162
0.0963451 -0.178497 0.137532
0.0963451 -0.215797 0.0474832
0.0963451 -0.195123 0.0973928
0.0963451 -0.217271 0.043925
0.0963451 -0.214296 0.0511068
0.0963451 -0.209659 0.0623001
0.0963451 -0.235155 0.000746915
0.0963451 -0.209394 0.0629402
0.0963451 -0.215735 0.047632
0.0963451 -0.21735 0.0437335
0.0963451 -0.194478 0.0989506
0.0963451 -0.234858 0.00146455
0.0963451 -0.200043 0.0855154
0.0963451 -0.197483 0.0916956
0.0963451 -0.176698 0.141875
0.0963451 -0.201035 0.0831214
0.0963451 -0.196337 0.0944626
0.0963451 -0.174785 0.146494
0.0963451 -0.229956 0.013299
0.0963451 -0.216419 0.0459803
0.376761 -0.310585 0.0551143
0.376761 -0.330052 0.00811687
0.376761 -0.271195 0.150209
0.376761 -0.248897 0.204041
0.376761 -0.291857 0.100328
0.376761 -0.285762 0.115042
0.376761 -0.324741 0.0209383
0.376761 -0.285944 0.114602
0.376761 -0.299487 0.0819057
0.376761 -0.258192 0.181601
0.376761 -0.315592 0.0430246
0.376761 -0.303829 0.0714233
0.376761 -0.277886 0.134055
0.376761 -0.269482 0.154346
0.376761 -0.267578 0.158943
0.376761 -0.291942 0.100121
0.376761 -0.325273 0.0196542
0.376761 -0.267304 0.159604
0.376761 -0.280933 0.126699
0.376761 -0.248274 0.205547
0.376761 -0.252749 0.194743
0.376761 -0.305564 0.0672353
0.376761 -0.276291 0.137906
0.376761 -0.307651 0.0621969
0.376761 -0.303439 0.0723663
0.376761 -0.296874 0.0882159
0.376761 -0.332976 0.00105762
0.376761 -0.296498 0.0891221
0.376761 -0.305477 0.067446
0.376761 -0.307763 0.0619258
0.376761 -0.275377 0.140112
0.376761 -0.332555 0.00207378
0.376761 -0.283257 0.121088
0.376761 -0.279633 0.129839
0.376761 -0.250201 0.200893
0.376761 -0.284662 0.117698
0.376761 -0.27801 0.133757
0.376761 -0.247492 0.207433
0.376761 -0.325614 0.0188311
0.376761 -0.306446 0.0651072
0.601514 -0.191558 0.0339927
0.601514 -0.203565 0.00500622
0.601514 -0.167264 0.0926437
0.601514 -0.153512 0.125846
0.601514 -0.180008 0.061879
0.601514 -0.176249 0.0709539
0.601514 -0.20029 0.0129141
0.601514 -0.176361 0.070683
0.601514 -0.184714 0.0505168
0.601514 -0.159245 0.112005
0.601514 -0.194647 0.0265362
0.601514 -0.187392 0.0440516
0.601514 -0.171391 0.082681
0.601514 -0.166207 0.0951954
0.601514 -0.165033 0.0980307
0.601514 -0.18006 0.0617514
0.601514 -0.200618 0.0121221
0.601514 -0.164864 0.0984388
0.601514 -0.173271 0.0781437
0.601514 -0.153127 0.126775
0.601514 -0.155887 0.120111
0.601514 -0.188462 0.0414685
0.601514 -0.170407 0.0850561
0.601514 -0.189749 0.038361
0.601514 -0.187151 0.0446332
0.601514 -0.183102 0.0544086
0.601514 -0.205368 0.000652304
0.601514 -0.18287 0.0549676
0.601514 -0.188408 0.0415985
0.601514 -0.189818 0.0381938
0.601514 -0.169844 0.0864166
0.601514 -0.205109 0.00127904
0.601514 -0.174704 0.0746832
0.601514 -0.172468 0.0800806
0.601514 -0.154316 0.123904
0.601514 -0.17557 0.0725925
0.601514 -0.171467 0.0824971
0.601514 -0.152645 0.127938
0.601514 -0.200828 0.0116144
0.601514 -0.189006 0.040156
0.476429 -0.284212 0.0504344
0.476429 -0.302026 0.00742763
0.476429 -0.248167 0.137454
0.476429 -0.227762 0.186715
0.476429 -0.267074 0.0918088
0.476429 -0.261497 0.105273
0.476429 -0.297166 0.0191604
0.476429 -0.261663 0.104871
0.476429 -0.274057 0.0749508
0.476429 -0.236268 0.166181
0.476429 -0.288794 0.0393713
0.476429 -0.27803 0.0653585
0.476429 -0.25429 0.122672
0.476429 -0.246599 0.14124
0.476429 -0.244857 0.145446
0.476429 -0.267153 0.0916194
0.476429 -0.297653 0.0179853
0.476429 -0.244606 0.146052
0.476429 -0.257078 0.11594
0.476429 -0.227192 0.188093
0.476429 -0.231287 0.178207
0.476429 -0.279618 0.0615262
0.476429 -0.25283 0.126196
0.476429 -0.281527 0.0569156
0.476429 -0.277673 0.0662215
0.476429 -0.271665 0.0807251
0.476429 -0.304702 0.000967812
0.476429 -0.271322 0.0815545
0.476429 -0.279538 0.0617189
0.476429 -0.28163 0.0566675
0.476429 -0.251994 0.128215
0.476429 -0.304316 0.00189769
0.476429 -0.259205 0.110806
0.476429 -0.255888 0.118814
0.476429 -0.228956 0.183834
0.476429 -0.26049 0.107704
0.476429 -0.254403 0.1224
0.476429 -0.226477 0.189819
0.476429 -0.297965 0.0172321
0.476429 -0.280424 0.0595787
0.327686 -0.312814 0.0555099
0.327686 -0.332421 0.00817512
0.327686 -0.273142 0.151287
0.327686 -0.250684 0.205506
0.327686 -0.293951 0.101048
0.327686 -0.287813 0.115867
0.327686 -0.327072 0.0210886
0.327686 -0.287996 0.115425
0.327686 -0.301637 0.0824936
0.327686 -0.260045 0.182904
0.327686 -0.317858 0.0433334
0.327686 -0.30601 0.071936
0.327686 -0.279881 0.135018
0.327686 -0.271416 0.155454
0.327686 -0.269498 0.160084
0.327686 -0.294038 0.10084
0.327686 -0.327607 0.0197953
0.327686 -0.269222 0.16075
0.327686 -0.28295 0.127608
0.327686 -0.250056 0.207022
0.327686 -0.254563 0.196141
0.327686 -0.307757 0.0677179
0.327686 -0.278274 0.138896
0.327686 -0.309859 0.0626433
0.327686 -0.305617 0.0728857
0.327686 -0.299004 0.088849
0.327686 -0.335366 0.00106521
0.327686 -0.298626 0.0897618
0.327686 -0.307669 0.0679301
0.327686 -0.309972 0.0623703
0.327686 -0.277354 0.141118
0.327686 -0.334942 0.00208866
0.327686 -0.285291 0.121957
0.327686 -0.28164 0.130771
0.327686 -0.251997 0.202335
0.327686 -0.286705 0.118543
0.327686 -0.280005 0.134717
0.327686 -0.249269 0.208922
0.327686 -0.327951 0.0189663
0.327686 -0.308645 0.0655745
0.631303 -0.148972 0.0264356
0.631303 -0.158309 0.00389326
0.631303 -0.130079 0.0720476
0.631303 -0.119384 0.0978685
0.631303 -0.139989 0.0481224
0.631303 -0.137066 0.0551798
0.631303 -0.155762 0.0100431
0.631303 -0.137153 0.0549691
0.631303 -0.143649 0.0392861
0.631303 -0.123842 0.087105
0.631303 -0.151374 0.0206368
0.631303 -0.145732 0.0342582
0.631303 -0.133288 0.0642997
0.631303 -0.129257 0.074032
0.631303 -0.128344 0.076237
0.631303 -0.14003 0.0480231
0.631303 -0.156017 0.00942716
0.631303 -0.128212 0.0765544
0.631303 -0.13475 0.0607712
0.631303 -0.119085 0.0985906
0.631303 -0.121231 0.0934087
0.631303 -0.146564 0.0322495
0.631303 -0.132523 0.0661469
0.631303 -0.147565 0.0298328
0.631303 -0.145545 0.0347106
0.631303 -0.142396 0.0423128
0.631303 -0.159712 0.000507287
0.631303 -0.142216 0.0427475
0.631303 -0.146522 0.0323505
0.631303 -0.147619 0.0297027
0.631303 -0.132085 0.0672049
0.631303 -0.15951 0.00099469
0.631303 -0.135865 0.05808
0.631303 -0.134126 0.0622775
0.631303 -0.120009 0.0963584
0.631303 -0.136538 0.0564541
0.631303 -0.133348 0.0641568
0.631303 -0.11871 0.0994954
0.631303 -0.156181 0.00903235
0.631303 -0.146987 0.0312287
0.342213 -0.312853 0.0555167
0.342213 -0.332462 0.00817613
0.342213 -0.273176 0.151305
0.342213 -0.250715 0.205531
0.342213 -0.293988 0.101061
0.342213 -0.287849 0.115882
0.342213 -0.327112 0.0210912
0.342213 -0.288032 0.115439
0.342213 -0.301674 0.0825038
0.342213 -0.260078 0.182927
0.342213 -0.317897 0.0433388
0.342213 -0.306048 0.0719448
0.342213 -0.279915 0.135034
0.342213 -0.271449 0.155473
0.342213 -0.269531 0.160103
0.342213 -0.294074 0.100852
0.342213 -0.327648 0.0197977
0.342213 -0.269255 0.16077
0.342213 -0.282985 0.127624
0.342213 -0.250086 0.207048
0.342213 -0.254594 0.196165
0.342213 -0.307795 0.0677263
0.342213 -0.278309 0.138913
0.342213 -0.309897 0.0626511
0.342213 -0.305654 0.0728947
0.342213 -0.299041 0.08886
0.342213 -0.335407 0.00106534
0.342213 -0.298663 0.0897729
0.342213 -0.307707 0.0679384
0.342213 -0.310011 0.062378
0.342213 -0.277388 0.141135
0.342213 -0.334983 0.00208892
0.342213 -0.285326 0.121972
0.342213 -0.281674 0.130787
0.342213 -0.252028 0.20236
0.342213 -0.28674 0.118558
0.342213 -0.28004 0.134734
0.342213 -0.249299 0.208948
0.342213 -0.327991 0.0189686
0.342213 -0.308683 0.0655826
0.661203 -0.0780319 0.013847
0.661203 -0.0829228 0.0020393
0.661203 -0.0681357 0.0377387
0.661203 -0.0625334 0.0512637
0.661203 -0.0733266 0.0252066
0.661203 -0.0717954 0.0289033
0.661203 -0.0815885 0.00526058
0.661203 -0.0718411 0.028793
0.661203 -0.0752438 0.0205782
0.661203 -0.0648687 0.0456258
0.661203 -0.0792901 0.0108096
0.661203 -0.0763347 0.0179445
0.661203 -0.0698167 0.0336803
0.661203 -0.0677051 0.0387781
0.661203 -0.0672267 0.0399331
0.661203 -0.0733482 0.0251546
0.661203 -0.0817222 0.00493797
0.661203 -0.0671579 0.0400993
0.661203 -0.0705823 0.0318321
0.661203 -0.0623767 0.051642
0.661203 -0.0635011 0.0489277
0.661203 -0.0767705 0.0168923
0.661203 -0.0694159 0.0346479
0.661203 -0.0772949 0.0156265
0.661203 -0.0762365 0.0181815
0.661203 -0.0745871 0.0221635
0.661203 -0.0836575 0.000265718
0.661203 -0.0744928 0.0223912
0.661203 -0.0767486 0.0169453
0.661203 -0.0773231 0.0155584
0.661203 -0.0691864 0.0352021
0.661203 -0.0835517 0.000521021
0.661203 -0.0711662 0.0304224
0.661203 -0.0702555 0.0326211
0.661203 -0.0628611 0.0504727
0.661203 -0.0715189 0.0295708
0.661203 -0.0698477 0.0336054
0.661203 -0.0621804 0.0521159
0.661203 -0.0818078 0.00473116
0.661203 -0.076992 0.0163577
0.615857 -0.172929 0.0306868
0.615857 -0.183768 0.00451934
0.615857 -0.150997 0.0836338
0.615857 -0.138582 0.113607
0.615857 -0.162501 0.0558611
0.615857 -0.159108 0.0640534
0.615857 -0.180811 0.0116581
0.615857 -0.159209 0.0638089
0.615857 -0.16675 0.0456038
0.615857 -0.143757 0.101113
0.615857 -0.175717 0.0239554
0.615857 -0.169167 0.0397674
0.615857 -0.154723 0.07464
0.615857 -0.150043 0.0859373
0.615857 -0.148983 0.0884969
0.615857 -0.162549 0.0557458
0.615857 -0.181107 0.0109432
0.615857 -0.14883 0.0888653
0.615857 -0.156419 0.070544
0.615857 -0.138235 0.114445
0.615857 -0.140726 0.10843
0.615857 -0.170133 0.0374356
0.615857 -0.153835 0.0767842
0.615857 -0.171295 0.0346303
0.615857 -0.16895 0.0402925
0.615857 -0.165295 0.0491172
0.615857 -0.185396 0.000588865
0.615857 -0.165086 0.0496218
0.615857 -0.170085 0.0375529
0.615857 -0.171358 0.0344793
0.615857 -0.153326 0.0780123
0.615857 -0.185161 0.00115465
0.615857 -0.157713 0.06742
0.615857 -0.155695 0.0722925
0.615857 -0.139308 0.111854
0.615857 -0.158495 0.0655326
0.615857 -0.154792 0.074474
0.615857 -0.1378 0.115495
0.615857 -0.181297 0.0104849
0.615857 -0.170624 0.0362507
0.667596 -0.0494349 0.00877239
0.667596 -0.0525334 0.00129194
0.667596 -0.0431654 0.0239083
0.667596 -0.0396163 0.0324767
0.667596 -0.046454 0.0159689
0.667596 -0.045484 0.0183109
0.667596 -0.0516881 0.00333269
0.667596 -0.0455129 0.018241
0.667596 -0.0476686 0.0130367
0.667596 -0.0410958 0.0289049
0.667596 -0.050232 0.00684811
0.667596 -0.0483597 0.0113683
0.667596 -0.0442304 0.0213372
0.667596 -0.0428927 0.0245668
0.667596 -0.0425896 0.0252985
0.667596 -0.0464677 0.015936
0.667596 -0.0517728 0.00312831
0.667596 -0.042546 0.0254038
0.667596 -0.0447154 0.0201663
0.667596 -0.039517 0.0327163
0.667596 -0.0402293 0.0309967
0.667596 -0.0486358 0.0107017
0.667596 -0.0439765 0.0219502
0.667596 -0.048968 0.00989972
0.667596 -0.0482975 0.0115184
0.667596 -0.0472526 0.0140411
0.667596 -0.0529988 0.000168338
0.667596 -0.0471928 0.0141853
0.667596 -0.0486219 0.0107352
0.667596 -0.0489859 0.00985656
0.667596 -0.0438311 0.0223013
0.667596 -0.0529318 0.000330078
0.667596 -0.0450853 0.0192733
0.667596 -0.0445084 0.0206662
0.667596 -0.0398239 0.0319756
0.667596 -0.0453088 0.0187337
0.667596 -0.0442501 0.0212898
0.667596 -0.0393927 0.0330165
0.667596 -0.0518271 0.00299729
0.667596 -0.0487761 0.0103629
0.102115 -0.22468 0.0398702
0.102115 -0.238762 0.00587181
0.102115 -0.196185 0.108662
0.102115 -0.180054 0.147605
0.102115 -0.211132 0.0725782
0.102115 -0.206723 0.0832221
0.102115 -0.23492 0.015147
0.102115 -0.206854 0.0829044
0.102115 -0.216652 0.0592513
0.102115 -0.186779 0.131372
0.102115 -0.228302 0.0311244
0.102115 -0.219793 0.0516683
0.102115 -0.201025 0.0969769
0.102115 -0.194945 0.111655
0.102115 -0.193568 0.114981
0.102115 -0.211194 0.0724284
0.102115 -0.235305 0.014218
0.102115 -0.19337 0.115459
0.102115 -0.20323 0.0916551
0.102115 -0.179603 0.148694
0.102115 -0.182841 0.140879
0.102115 -0.221048 0.0486386
0.102115 -0.199871 0.0997627
0.102115 -0.222557 0.0449938
0.102115 -0.21951 0.0523505
0.102115 -0.214761 0.0638161
0.102115 -0.240878 0.00076509
0.102115 -0.214489 0.0644717
0.102115 -0.220985 0.048791
0.102115 -0.222639 0.0447977
0.102115 -0.19921 0.101358
0.102115 -0.240573 0.00150019
0.102115 -0.204911 0.0875963
0.102115 -0.202289 0.0939269
0.102115 -0.180998 0.145328
0.102115 -0.205927 0.085144
0.102115 -0.201115 0.0967612
0.102115 -0.179038 0.150059
0.102115 -0.235552 0.0136226
0.102115 -0.221685 0.0470991
0.567101 -0.227002 0.0402823
0.567101 -0.24123 0.0059325
0.567101 -0.198213 0.109785
0.567101 -0.181915 0.149131
0.567101 -0.213314 0.0733283
0.567101 -0.208859 0.0840822
0.567101 -0.237348 0.0153035
0.567101 -0.208992 0.0837613
0.567101 -0.218891 0.0598637
0.567101 -0.188709 0.132729
0.567101 -0.230662 0.0314461
0.567101 -0.222064 0.0522023
0.567101 -0.203103 0.0979791
0.567101 -0.19696 0.112809
0.567101 -0.195569 0.116169
0.567101 -0.213376 0.073177
0.567101 -0.237737 0.014365
0.567101 -0.195368 0.116653
0.567101 -0.20533 0.0926024
0.567101 -0.18146 0.150231
0.567101 -0.18473 0.142335
0.567101 -0.223332 0.0491413
0.567101 -0.201937 0.100794
0.567101 -0.224858 0.0454588
0.567101 -0.221779 0.0528915
0.567101 -0.216981 0.0644757
0.567101 -0.243367 0.000772997
0.567101 -0.216706 0.0651381
0.567101 -0.223269 0.0492953
0.567101 -0.22494 0.0452607
0.567101 -0.201269 0.102406
0.567101 -0.24306 0.0015157
0.567101 -0.207029 0.0885016
0.567101 -0.204379 0.0948977
0.567101 -0.182868 0.14683
0.567101 -0.208055 0.086024
0.567101 -0.203193 0.0977613
0.567101 -0.180889 0.15161
0.567101 -0.237986 0.0137634
0.567101 -0.223977 0.0475859
0.0845645 -0.207588 0.0368372
0.0845645 -0.220599 0.00542513
0.0845645 -0.181261 0.100396
0.0845645 -0.166357 0.136377
0.0845645 -0.195071 0.0670571
0.0845645 -0.190997 0.0768913
0.0845645 -0.21705 0.0139947
0.0845645 -0.191119 0.0765978
0.0845645 -0.200171 0.054744
0.0845645 -0.17257 0.121378
0.0845645 -0.210935 0.0287567
0.0845645 -0.203073 0.0477378
0.0845645 -0.185733 0.0895997
0.0845645 -0.180116 0.103161
0.0845645 -0.178843 0.106234
0.0845645 -0.195128 0.0669187
0.0845645 -0.217405 0.0131365
0.0845645 -0.17866 0.106676
0.0845645 -0.18777 0.0846827
0.0845645 -0.165941 0.137383
0.0845645 -0.168932 0.130162
0.0845645 -0.204232 0.0449386
0.0845645 -0.184667 0.0921736
0.0845645 -0.205627 0.0415711
0.0845645 -0.202812 0.0483681
0.0845645 -0.198424 0.0589615
0.0845645 -0.222554 0.000706888
0.0845645 -0.198173 0.0595673
0.0845645 -0.204174 0.0450794
0.0845645 -0.205702 0.0413898
0.0845645 -0.184056 0.093648
0.0845645 -0.222272 0.00138607
0.0845645 -0.189323 0.0809327
0.0845645 -0.1869 0.0867817
0.0845645 -0.167229 0.134272
0.0845645 -0.190262 0.078667
0.0845645 -0.185816 0.0894004
0.0845645 -0.165418 0.138644
0.0845645 -0.217633 0.0125863
0.0845645 -0.204821 0.0435162
0.187828 -0.280863 0.04984
0.187828 -0.298467 0.0073401
0.187828 -0.245243 0.135834
0.187828 -0.225078 0.184515
0.187828 -0.263927 0.0907269
0.187828 -0.258415 0.104032
0.187828 -0.293664 0.0189346
0.187828 -0.25858 0.103635
0.187828 -0.270827 0.0740676
0.187828 -0.233484 0.164222
0.187828 -0.285391 0.0389073
0.187828 -0.274754 0.0645883
0.187828 -0.251293 0.121227
0.187828 -0.243693 0.139575
0.187828 -0.241971 0.143732
0.187828 -0.264004 0.0905397
0.187828 -0.294145 0.0177734
0.187828 -0.241723 0.144331
0.187828 -0.254049 0.114574
0.187828 -0.224514 0.185876
0.187828 -0.228561 0.176107
0.187828 -0.276322 0.0608011
0.187828 -0.249851 0.124709
0.187828 -0.27821 0.0562448
0.187828 -0.2744 0.0654411
0.187828 -0.268464 0.0797738
0.187828 -0.301111 0.000956406
0.187828 -0.268124 0.0805934
0.187828 -0.276243 0.0609915
0.187828 -0.278311 0.0559996
0.187828 -0.249024 0.126704
0.187828 -0.30073 0.00187532
0.187828 -0.25615 0.1095
0.187828 -0.252872 0.117414
0.187828 -0.226258 0.181668
0.187828 -0.25742 0.106435
0.187828 -0.251405 0.120957
0.187828 -0.223808 0.187582
0.187828 -0.294453 0.017029
0.187828 -0.277119 0.0588766
0.194571 -0.283861 0.0503721
0.194571 -0.301653 0.00741846
0.194571 -0.247861 0.137284
0.194571 -0.227481 0.186485
0.194571 -0.266744 0.0916955
0.194571 -0.261174 0.105143
0.194571 -0.296799 0.0191367
0.194571 -0.26134 0.104742
0.194571 -0.273718 0.0748583
0.194571 -0.235976 0.165975
0.194571 -0.288438 0.0393226
0.194571 -0.277687 0.0652778
0.194571 -0.253976 0.122521
0.194571 -0.246295 0.141065
0.194571 -0.244554 0.145267
0.194571 -0.266823 0.0915063
0.194571 -0.297285 0.0179631
0.194571 -0.244304 0.145871
0.194571 -0.256761 0.115797
0.194571 -0.226911 0.187861
0.194571 -0.231001 0.177987
0.194571 -0.279272 0.0614502
0.194571 -0.252518 0.12604
0.194571 -0.28118 0.0568453
0.194571 -0.27733 0.0661397
0.194571 -0.27133 0.0806254
0.194571 -0.304325 0.000966617
0.194571 -0.270986 0.0814537
0.194571 -0.279192 0.0616427
0.194571 -0.281282 0.0565975
0.194571 -0.251683 0.128056
0.194571 -0.303941 0.00189534
0.194571 -0.258885 0.110669
0.194571 -0.255572 0.118667
0.194571 -0.228673 0.183607
0.194571 -0.260168 0.107571
0.194571 -0.254089 0.122248
0.194571 -0.226197 0.189585
0.194571 -0.297597 0.0172108
0.194571 -0.280078 0.0595052
8.95663e-05 -0.00722545 0.00128218
8.95663e-05 -0.00767833 0.000188831
8.95663e-05 -0.00630909 0.00349445
8.95663e-05 -0.00579035 0.00474682
8.95663e-05 -0.00678976 0.00233403
8.95663e-05 -0.00664797 0.00267633
8.95663e-05 -0.00755478 0.000487109
8.95663e-05 -0.0066522 0.00266611
8.95663e-05 -0.00696728 0.00190546
8.95663e-05 -0.00600659 0.00422477
8.95663e-05 -0.00734195 0.00100093
8.95663e-05 -0.00706829 0.00166159
8.95663e-05 -0.00646475 0.00311867
8.95663e-05 -0.00626923 0.0035907
8.95663e-05 -0.00622493 0.00369765
8.95663e-05 -0.00679175 0.00232922
8.95663e-05 -0.00756715 0.000457236
8.95663e-05 -0.00621855 0.00371304
8.95663e-05 -0.00653564 0.00294752
8.95663e-05 -0.00577584 0.00478184
8.95663e-05 -0.00587995 0.00453051
8.95663e-05 -0.00710865 0.00156416
8.95663e-05 -0.00642764 0.00320826
8.95663e-05 -0.0071572 0.00144695
8.95663e-05 -0.0070592 0.00168353
8.95663e-05 -0.00690647 0.00205225
8.95663e-05 -0.00774635 2.46044e-05
8.95663e-05 -0.00689774 0.00207334
8.95663e-05 -0.00710662 0.00156906
8.95663e-05 -0.00715981 0.00144064
8.95663e-05 -0.00640639 0.00325957
8.95663e-05 -0.00773656 4.82445e-05
8.95663e-05 -0.00658971 0.002817
8.95663e-05 -0.00650538 0.00302058
8.95663e-05 -0.00582069 0.00467357
8.95663e-05 -0.00662237 0.00273814
8.95663e-05 -0.00646762 0.00311173
8.95663e-05 -0.00575766 0.00482573
8.95663e-05 -0.00757508 0.000438087
8.95663e-05 -0.00712915 0.00151466
0.451887 -0.293665 0.0521118
0.451887 -0.312071 0.00767467
0.451887 -0.256421 0.142025
0.451887 -0.235338 0.192925
0.451887 -0.275957 0.0948623
0.451887 -0.270194 0.108774
0.451887 -0.307049 0.0197976
0.451887 -0.270366 0.108359
0.451887 -0.283172 0.0774436
0.451887 -0.244126 0.171707
0.451887 -0.298399 0.0406807
0.451887 -0.287277 0.0675323
0.451887 -0.262747 0.126752
0.451887 -0.254801 0.145937
0.451887 -0.253 0.150284
0.451887 -0.276038 0.0946666
0.451887 -0.307552 0.0185835
0.451887 -0.252741 0.150909
0.451887 -0.265629 0.119796
0.451887 -0.234748 0.194349
0.451887 -0.238979 0.184134
0.451887 -0.288917 0.0635725
0.451887 -0.261239 0.130393
0.451887 -0.290891 0.0588085
0.451887 -0.286908 0.0684239
0.451887 -0.2807 0.08341
0.451887 -0.314836 0.001
0.451887 -0.280345 0.0842669
0.451887 -0.288835 0.0637716
0.451887 -0.290997 0.0585522
0.451887 -0.260375 0.132479
0.451887 -0.314438 0.0019608
0.451887 -0.267826 0.114491
0.451887 -0.264399 0.122766
0.451887 -0.236571 0.189949
0.451887 -0.269154 0.111286
0.451887 -0.262864 0.12647
0.451887 -0.234009 0.196132
0.451887 -0.307875 0.0178052
0.451887 -0.289751 0.0615603
0.660545 -0.0803712 0.0142621
0.660545 -0.0854088 0.00210043
0.660545 -0.0701783 0.0388701
0.660545 -0.0644081 0.0528005
0.660545 -0.0755249 0.0259623
0.660545 -0.0739478 0.0297698
0.660545 -0.0840345 0.00541829
0.660545 -0.0739948 0.0296561
0.660545 -0.0774995 0.0211951
0.660545 -0.0668134 0.0469936
0.660545 -0.0816671 0.0111337
0.660545 -0.0786231 0.0184825
0.660545 -0.0719097 0.03469
0.660545 -0.0697348 0.0399407
0.660545 -0.0692421 0.0411302
0.660545 -0.0755471 0.0259087
0.660545 -0.0841721 0.005086
0.660545 -0.0691712 0.0413015
0.660545 -0.0726982 0.0327864
0.660545 -0.0642467 0.0531901
0.660545 -0.0654047 0.0503944
0.660545 -0.079072 0.0173988
0.660545 -0.0714969 0.0356866
0.660545 -0.0796121 0.0160949
0.660545 -0.078522 0.0187265
0.660545 -0.0768231 0.022828
0.660545 -0.0861654 0.000273684
0.660545 -0.076726 0.0230625
0.660545 -0.0790494 0.0174533
0.660545 -0.0796411 0.0160248
0.660545 -0.0712605 0.0362574
0.660545 -0.0860565 0.00053664
0.660545 -0.0732996 0.0313345
0.660545 -0.0723616 0.033599
0.660545 -0.0647456 0.0519858
0.660545 -0.073663 0.0304573
0.660545 -0.0719417 0.0346129
0.660545 -0.0640445 0.0536783
0.660545 -0.0842603 0.004873
0.660545 -0.0793001 0.0168481
0.463236 -0.289556 0.0513827
0.463236 -0.307705 0.00756731
0.463236 -0.252834 0.140039
0.463236 -0.232045 0.190226
0.463236 -0.272096 0.0935352
0.463236 -0.266414 0.107253
0.463236 -0.302754 0.0195207
0.463236 -0.266584 0.106843
0.463236 -0.27921 0.0763602
0.463236 -0.240711 0.169305
0.463236 -0.294225 0.0401116
0.463236 -0.283258 0.0665875
0.463236 -0.259072 0.124979
0.463236 -0.251236 0.143896
0.463236 -0.249461 0.148181
0.463236 -0.272176 0.0933422
0.463236 -0.30325 0.0183235
0.463236 -0.249205 0.148798
0.463236 -0.261913 0.118121
0.463236 -0.231464 0.19163
0.463236 -0.235636 0.181558
0.463236 -0.284876 0.0626831
0.463236 -0.257585 0.128569
0.463236 -0.286821 0.0579858
0.463236 -0.282894 0.0674667
0.463236 -0.276774 0.0822431
0.463236 -0.310431 0.000986011
0.463236 -0.276424 0.083088
0.463236 -0.284794 0.0628795
0.463236 -0.286926 0.057733
0.463236 -0.256733 0.130626
0.463236 -0.310039 0.00193337
0.463236 -0.264079 0.11289
0.463236 -0.2607 0.121048
0.463236 -0.233261 0.187291
0.463236 -0.265388 0.109729
0.463236 -0.259187 0.124701
0.463236 -0.230736 0.193389
0.463236 -0.303568 0.0175561
0.463236 -0.285697 0.0606991
0.57874 -0.2162 0.0383654
0.57874 -0.229751 0.0056502
0.57874 -0.188781 0.104561
0.57874 -0.173259 0.142034
0.57874 -0.203163 0.069839
0.57874 -0.198921 0.0800812
0.57874 -0.226054 0.0145753
0.57874 -0.199047 0.0797755
0.57874 -0.208475 0.0570151
0.57874 -0.179729 0.126413
0.57874 -0.219686 0.0299497
0.57874 -0.211497 0.0497182
0.57874 -0.193438 0.0933168
0.57874 -0.187588 0.107441
0.57874 -0.186262 0.110641
0.57874 -0.203223 0.0696949
0.57874 -0.226424 0.0136814
0.57874 -0.186072 0.111102
0.57874 -0.195559 0.0881959
0.57874 -0.172825 0.143082
0.57874 -0.17594 0.135562
0.57874 -0.212705 0.0468029
0.57874 -0.192328 0.0959975
0.57874 -0.214158 0.0432957
0.57874 -0.211226 0.0503747
0.57874 -0.206656 0.0614076
0.57874 -0.231786 0.000736214
0.57874 -0.206394 0.0620385
0.57874 -0.212644 0.0469495
0.57874 -0.214236 0.0431069
0.57874 -0.191692 0.097533
0.57874 -0.231493 0.00144357
0.57874 -0.197177 0.0842902
0.57874 -0.194654 0.0903819
0.57874 -0.174167 0.139843
0.57874 -0.198155 0.0819305
0.57874 -0.193524 0.0931093
0.57874 -0.172281 0.144395
0.57874 -0.226662 0.0131084
0.57874 -0.213319 0.0453215
0.0315181 -0.132333 0.0234829
0.0315181 -0.140627 0.0034584
0.0315181 -0.11555 0.0640002
0.0315181 -0.106049 0.086937
0.0315181 -0.124353 0.0427474
0.0315181 -0.121756 0.0490165
0.0315181 -0.138364 0.0089213
0.0315181 -0.121834 0.0488293
0.0315181 -0.127604 0.0348981
0.0315181 -0.11001 0.0773757
0.0315181 -0.134466 0.0183318
0.0315181 -0.129454 0.0304318
0.0315181 -0.118401 0.0571178
0.0315181 -0.11482 0.065763
0.0315181 -0.114008 0.0677217
0.0315181 -0.12439 0.0426592
0.0315181 -0.138591 0.00837419
0.0315181 -0.113892 0.0680036
0.0315181 -0.119699 0.0539833
0.0315181 -0.105783 0.0875785
0.0315181 -0.10769 0.0829754
0.0315181 -0.130193 0.0286474
0.0315181 -0.117721 0.0587586
0.0315181 -0.131083 0.0265006
0.0315181 -0.129288 0.0308335
0.0315181 -0.126491 0.0375866
0.0315181 -0.141873 0.000450625
0.0315181 -0.126331 0.0379728
0.0315181 -0.130156 0.0287371
0.0315181 -0.131131 0.0263851
0.0315181 -0.117332 0.0596984
0.0315181 -0.141694 0.000883588
0.0315181 -0.120689 0.0515928
0.0315181 -0.119145 0.0553214
0.0315181 -0.106605 0.0855956
0.0315181 -0.121287 0.0501484
0.0315181 -0.118453 0.0569908
0.0315181 -0.10545 0.0883822
0.0315181 -0.138736 0.00802348
0.0315181 -0.130569 0.0277406
0.240286 -0.299962 0.0532292
0.240286 -0.318763 0.00783924
0.240286 -0.26192 0.145071
0.240286 -0.240384 0.197062
0.240286 -0.281874 0.0968965
0.240286 -0.275988 0.111107
0.240286 -0.313634 0.0202221
0.240286 -0.276164 0.110683
0.240286 -0.289244 0.0791043
0.240286 -0.249361 0.17539
0.240286 -0.304798 0.041553
0.240286 -0.293437 0.0689804
0.240286 -0.268382 0.12947
0.240286 -0.260265 0.149067
0.240286 -0.258426 0.153506
0.240286 -0.281957 0.0966966
0.240286 -0.314147 0.018982
0.240286 -0.258161 0.154145
0.240286 -0.271325 0.122365
0.240286 -0.239782 0.198516
0.240286 -0.244104 0.188082
0.240286 -0.295113 0.0649357
0.240286 -0.266841 0.13319
0.240286 -0.297128 0.0600696
0.240286 -0.29306 0.0698912
0.240286 -0.28672 0.0851986
0.240286 -0.321587 0.00102144
0.240286 -0.286357 0.0860739
0.240286 -0.295029 0.0651391
0.240286 -0.297237 0.0598077
0.240286 -0.265959 0.13532
0.240286 -0.32118 0.00200285
0.240286 -0.273569 0.116947
0.240286 -0.270068 0.125398
0.240286 -0.241644 0.194022
0.240286 -0.274925 0.113673
0.240286 -0.268501 0.129182
0.240286 -0.239027 0.200338
0.240286 -0.314477 0.018187
0.240286 -0.295964 0.0628804
0.44903 -0.29463 0.0522831
0.44903 -0.313097 0.0076999
0.44903 -0.257264 0.142492
0.44903 -0.236111 0.19356
0.44903 -0.276864 0.0951742
0.44903 -0.271082 0.109132
0.44903 -0.308059 0.0198627
0.44903 -0.271255 0.108715
0.44903 -0.284103 0.0776982
0.44903 -0.244929 0.172272
0.44903 -0.29938 0.0408145
0.44903 -0.288222 0.0677543
0.44903 -0.263611 0.127169
0.44903 -0.255638 0.146417
0.44903 -0.253832 0.150778
0.44903 -0.276945 0.0949778
0.44903 -0.308564 0.0186446
0.44903 -0.253572 0.151406
0.44903 -0.266502 0.12019
0.44903 -0.23552 0.194988
0.44903 -0.239765 0.184739
0.44903 -0.289867 0.0637815
0.44903 -0.262098 0.130822
0.44903 -0.291847 0.0590019
0.44903 -0.287851 0.0686489
0.44903 -0.281623 0.0836842
0.44903 -0.315871 0.00100329
0.44903 -0.281267 0.0845439
0.44903 -0.289784 0.0639813
0.44903 -0.291954 0.0587447
0.44903 -0.261231 0.132915
0.44903 -0.315472 0.00196725
0.44903 -0.268707 0.114868
0.44903 -0.265268 0.123169
0.44903 -0.237348 0.190573
0.44903 -0.270039 0.111652
0.44903 -0.263728 0.126886
0.44903 -0.234779 0.196777
0.44903 -0.308887 0.0178637
0.44903 -0.290703 0.0617627
0.668366 -0.0447243 0.00793647
0.668366 -0.0475275 0.00116883
0.668366 -0.0390522 0.0216301
0.668366 -0.0358412 0.029382
0.668366 -0.0420274 0.0144473
0.668366 -0.0411498 0.016566
0.668366 -0.0467628 0.00301512
0.668366 -0.041176 0.0165028
0.668366 -0.0431262 0.0117944
0.668366 -0.0371797 0.0261506
0.668366 -0.0454454 0.00619555
0.668366 -0.0437515 0.010285
0.668366 -0.0400157 0.019304
0.668366 -0.0388054 0.0222258
0.668366 -0.0385312 0.0228878
0.668366 -0.0420398 0.0144174
0.668366 -0.0468393 0.00283021
0.668366 -0.0384918 0.0229831
0.668366 -0.0404545 0.0182447
0.668366 -0.0357514 0.0295988
0.668366 -0.0363958 0.0280431
0.668366 -0.0440013 0.0096819
0.668366 -0.039786 0.0198586
0.668366 -0.0443018 0.00895637
0.668366 -0.0436952 0.0104208
0.668366 -0.0427499 0.0127031
0.668366 -0.0479486 0.000152297
0.668366 -0.0426958 0.0128336
0.668366 -0.0439887 0.00971223
0.668366 -0.044318 0.00891733
0.668366 -0.0396544 0.0201762
0.668366 -0.047888 0.000298625
0.668366 -0.0407891 0.0174367
0.668366 -0.0402672 0.0186969
0.668366 -0.036029 0.0289286
0.668366 -0.0409913 0.0169486
0.668366 -0.0400335 0.0192611
0.668366 -0.0356389 0.0298704
0.668366 -0.0468884 0.00271168
0.668366 -0.0441282 0.00937545
0.646463 -0.119255 0.0211623
0.646463 -0.12673 0.00311664
0.646463 -0.104131 0.0576757
0.646463 -0.0955692 0.0783458
0.646463 -0.112064 0.038523
0.646463 -0.109724 0.0441726
0.646463 -0.124691 0.00803969
0.646463 -0.109794 0.044004
0.646463 -0.114994 0.0314494
0.646463 -0.0991382 0.0697294
0.646463 -0.121178 0.0165202
0.646463 -0.116662 0.0274245
0.646463 -0.1067 0.0514733
0.646463 -0.103473 0.0592642
0.646463 -0.102742 0.0610293
0.646463 -0.112097 0.0384435
0.646463 -0.124895 0.00754664
0.646463 -0.102637 0.0612834
0.646463 -0.10787 0.0486486
0.646463 -0.0953297 0.0789239
0.646463 -0.097048 0.0747756
0.646463 -0.117328 0.0258164
0.646463 -0.106088 0.052952
0.646463 -0.118129 0.0238818
0.646463 -0.116512 0.0277865
0.646463 -0.113991 0.0338723
0.646463 -0.127853 0.000406094
0.646463 -0.113847 0.0342203
0.646463 -0.117294 0.0258973
0.646463 -0.118172 0.0237777
0.646463 -0.105737 0.053799
0.646463 -0.127691 0.000796271
0.646463 -0.108763 0.0464943
0.646463 -0.107371 0.0498545
0.646463 -0.0960699 0.0771369
0.646463 -0.109302 0.0451927
0.646463 -0.106748 0.0513589
0.646463 -0.0950297 0.0796482
0.646463 -0.125026 0.00723059
0.646463 -0.117666 0.0249993
0.206879 -0.288903 0.0512667
0.206879 -0.307011 0.00755022
0.206879 -0.252263 0.139722
0.206879 -0.231522 0.189797
0.206879 -0.271482 0.0933241
0.206879 -0.265813 0.10701
0.206879 -0.302071 0.0194766
0.206879 -0.265982 0.106602
0.206879 -0.27858 0.0761878
0.206879 -0.240168 0.168923
0.206879 -0.293561 0.040021
0.206879 -0.282619 0.0664372
0.206879 -0.258487 0.124697
0.206879 -0.250669 0.143571
0.206879 -0.248898 0.147847
0.206879 -0.271562 0.0931315
0.206879 -0.302565 0.0182822
0.206879 -0.248643 0.148462
0.206879 -0.261321 0.117854
0.206879 -0.230941 0.191197
0.206879 -0.235104 0.181148
0.206879 -0.284232 0.0625416
0.206879 -0.257003 0.128279
0.206879 -0.286174 0.0578549
0.206879 -0.282255 0.0673144
0.206879 -0.276149 0.0820574
0.206879 -0.30973 0.000983785
0.206879 -0.275799 0.0829005
0.206879 -0.284151 0.0627375
0.206879 -0.286278 0.0576027
0.206879 -0.256153 0.130331
0.206879 -0.309339 0.00192901
0.206879 -0.263483 0.112635
0.206879 -0.260111 0.120775
0.206879 -0.232735 0.186868
0.206879 -0.264789 0.109482
0.206879 -0.258602 0.12442
0.206879 -0.230215 0.192952
0.206879 -0.302882 0.0175165
0.206879 -0.285052 0.060562
0.554875 -0.237288 0.0421075
0.554875 -0.252161 0.00620132
0.554875 -0.207194 0.11476
0.554875 -0.190158 0.155888
0.554875 -0.22298 0.076651
0.554875 -0.218323 0.0878922
0.554875 -0.248103 0.0159969
0.554875 -0.218462 0.0875567
0.554875 -0.228809 0.0625763
0.554875 -0.19726 0.138744
0.554875 -0.241114 0.032871
0.554875 -0.232127 0.0545677
0.554875 -0.212306 0.102419
0.554875 -0.205885 0.117921
0.554875 -0.20443 0.121433
0.554875 -0.223045 0.0764929
0.554875 -0.24851 0.0150159
0.554875 -0.204221 0.121938
0.554875 -0.214634 0.0967984
0.554875 -0.189682 0.157039
0.554875 -0.193101 0.148785
0.554875 -0.233452 0.0513681
0.554875 -0.211087 0.105361
0.554875 -0.235047 0.0475187
0.554875 -0.231828 0.0552882
0.554875 -0.226813 0.0673972
0.554875 -0.254395 0.000808024
0.554875 -0.226526 0.0680897
0.554875 -0.233385 0.051529
0.554875 -0.235132 0.0473115
0.554875 -0.210389 0.107046
0.554875 -0.254073 0.00158438
0.554875 -0.21641 0.0925118
0.554875 -0.21364 0.0991977
0.554875 -0.191155 0.153483
0.554875 -0.217483 0.089922
0.554875 -0.212401 0.102191
0.554875 -0.189085 0.15848
0.554875 -0.24877 0.014387
0.554875 -0.234126 0.0497422
0.629823 -0.151491 0.0268826
0.629823 -0.160986 0.00395909
0.629823 -0.132279 0.0732659
0.629823 -0.121402 0.0995234
0.629823 -0.142356 0.0489361
0.629823 -0.139384 0.0561129
0.629823 -0.158396 0.0102129
0.629823 -0.139472 0.0558987
0.629823 -0.146078 0.0399505
0.629823 -0.125936 0.0885779
0.629823 -0.153934 0.0209857
0.629823 -0.148196 0.0348375
0.629823 -0.135542 0.065387
0.629823 -0.131443 0.0752839
0.629823 -0.130514 0.0775261
0.629823 -0.142398 0.0488352
0.629823 -0.158655 0.00958657
0.629823 -0.13038 0.0778489
0.629823 -0.137028 0.0617988
0.629823 -0.121098 0.100258
0.629823 -0.123281 0.0949882
0.629823 -0.149042 0.0327948
0.629823 -0.134764 0.0672654
0.629823 -0.15006 0.0303373
0.629823 -0.148006 0.0352975
0.629823 -0.144803 0.0430283
0.629823 -0.162413 0.000515865
0.629823 -0.14462 0.0434703
0.629823 -0.149 0.0328975
0.629823 -0.150115 0.030205
0.629823 -0.134318 0.0683413
0.629823 -0.162207 0.00101151
0.629823 -0.138162 0.0590621
0.629823 -0.136394 0.0633306
0.629823 -0.122039 0.0979878
0.629823 -0.138847 0.0574087
0.629823 -0.135602 0.0652416
0.629823 -0.120717 0.101178
0.629823 -0.158822 0.00918508
0.629823 -0.149472 0.0317568
0.540644 -0.248069 0.0440206
0.540644 -0.263617 0.00648306
0.540644 -0.216608 0.119974
0.540644 -0.198798 0.162971
0.540644 -0.23311 0.0801335
0.540644 -0.228242 0.0918854
0.540644 -0.259375 0.0167237
0.540644 -0.228388 0.0915347
0.540644 -0.239205 0.0654193
0.540644 -0.206222 0.145047
0.540644 -0.252068 0.0343644
0.540644 -0.242673 0.0570469
0.540644 -0.221952 0.107072
0.540644 -0.215239 0.123278
0.540644 -0.213718 0.12695
0.540644 -0.233179 0.0799681
0.540644 -0.2598 0.0156981
0.540644 -0.213499 0.127478
0.540644 -0.224386 0.101196
0.540644 -0.1983 0.164173
0.540644 -0.201874 0.155544
0.540644 -0.244058 0.0537018
0.540644 -0.220678 0.110148
0.540644 -0.245725 0.0496776
0.540644 -0.242361 0.0578001
0.540644 -0.237117 0.0704593
0.540644 -0.265953 0.000844735
0.540644 -0.236817 0.0711831
0.540644 -0.243989 0.0538701
0.540644 -0.245815 0.049461
0.540644 -0.219948 0.11191
0.540644 -0.265616 0.00165636
0.540644 -0.226242 0.0967149
0.540644 -0.223347 0.103705
0.540644 -0.199839 0.160456
0.540644 -0.227363 0.0940074
0.540644 -0.22205 0.106834
0.540644 -0.197676 0.16568
0.540644 -0.260072 0.0150407
0.540644 -0.244763 0.0520021
0.0107821 -0.045741 0.065477
0.0107821 -0.0576412 0.0605478
0.0107821 -0.0216622 0.0754508
0.0107821 -0.0080313 0.0810969
0.0107821 -0.0342925 0.0702192
0.0107821 -0.0305669 0.0717624
0.0107821 -0.0543947 0.0618926
0.0107821 -0.030678 0.0717163
0.0107821 -0.0389572 0.068287
0.0107821 -0.0137134 0.0787433
0.0107821 -0.0488022 0.064209
0.0107821 -0.0416114 0.0671876
0.0107821 -0.0257524 0.0737566
0.0107821 -0.0206147 0.0758847
0.0107821 -0.0194507 0.0763669
0.0107821 -0.0343449 0.0701975
0.0107821 -0.0547199 0.0617579
0.0107821 -0.0192831 0.0764363
0.0107821 -0.0276151 0.072985
0.0107821 -0.00765007 0.0812548
0.0107821 -0.0103857 0.0801217
0.0107821 -0.0426719 0.0667483
0.0107821 -0.0247773 0.0741605
0.0107821 -0.0439476 0.0662199
0.0107821 -0.0413726 0.0672865
0.0107821 -0.0373594 0.0689488
0.0107821 -0.0594287 0.0598074
0.0107821 -0.0371299 0.0690439
0.0107821 -0.0426185 0.0667704
0.0107821 -0.0440163 0.0661915
0.0107821 -0.0242187 0.0743919
0.0107821 -0.0591714 0.059914
0.0107821 -0.0290358 0.0723966
0.0107821 -0.0268199 0.0733144
0.0107821 -0.00882849 0.0807667
0.0107821 -0.0298941 0.072041
0.0107821 -0.0258279 0.0737253
0.0107821 -0.00717246 0.0814527
0.0107821 -0.0549283 0.0616716
0.0107821 -0.0432107 0.0665251
0.118452 -0.138713 0.198564
0.118452 -0.174802 0.183616
0.118452 -0.0656925 0.228811
0.118452 -0.0243556 0.245933
0.118452 -0.103995 0.212945
0.118452 -0.0926964 0.217625
0.118452 -0.164956 0.187694
0.118452 -0.0930336 0.217486
0.118452 -0.118141 0.207086
0.118452 -0.041587 0.238795
0.118452 -0.147997 0.194719
0.118452 -0.12619 0.203752
0.118452 -0.0780962 0.223673
0.118452 -0.0625156 0.230127
0.118452 -0.0589857 0.231589
0.118452 -0.104154 0.212879
0.118452 -0.165942 0.187286
0.118452 -0.0584776 0.231799
0.118452 -0.0837451 0.221333
0.118452 -0.0231994 0.246412
0.118452 -0.0314953 0.242976
0.118452 -0.129406 0.20242
0.118452 -0.075139 0.224898
0.118452 -0.133275 0.200817
0.118452 -0.125466 0.204052
0.118452 -0.113295 0.209093
0.118452 -0.180222 0.181371
0.118452 -0.112599 0.209381
0.118452 -0.129244 0.202487
0.118452 -0.133483 0.200731
0.118452 -0.0734452 0.225599
0.118452 -0.179442 0.181694
0.118452 -0.0880534 0.219548
0.118452 -0.0813336 0.222332
0.118452 -0.0267731 0.244932
0.118452 -0.0906564 0.21847
0.118452 -0.0783251 0.223578
0.118452 -0.0217511 0.247012
0.118452 -0.166574 0.187024
0.118452 -0.13104 0.201743
0.647525 -0.0679495 0.0972679
0.647525 -0.0856275 0.0899454
0.647525 -0.0321798 0.112084
0.647525 -0.0119307 0.120472
0.647525 -0.0509424 0.104312
0.647525 -0.0454079 0.106605
0.647525 -0.0808048 0.091943
0.647525 -0.045573 0.106536
0.647525 -0.0578719 0.101442
0.647525 -0.0203716 0.116975
0.647525 -0.072497 0.0953842
0.647525 -0.0618149 0.0998089
0.647525 -0.0382558 0.109567
0.647525 -0.0306236 0.112729
0.647525 -0.0288945 0.113445
0.647525 -0.0510202 0.10428
0.647525 -0.0812878 0.091743
0.647525 -0.0286456 0.113548
0.647525 -0.041023 0.108421
0.647525 -0.0113644 0.120706
0.647525 -0.0154282 0.119023
0.647525 -0.0633902 0.0991564
0.647525 -0.0368073 0.110167
0.647525 -0.0652854 0.0983714
0.647525 -0.0614601 0.0999558
0.647525 -0.0554984 0.102425
0.647525 -0.0882829 0.0888455
0.647525 -0.0551575 0.102566
0.647525 -0.0633109 0.0991892
0.647525 -0.0653873 0.0983291
0.647525 -0.0359775 0.110511
0.647525 -0.0879007 0.0890038
0.647525 -0.0431334 0.107547
0.647525 -0.0398417 0.10891
0.647525 -0.013115 0.119981
0.647525 -0.0444085 0.107019
0.647525 -0.038368 0.109521
0.647525 -0.0106549 0.121
0.647525 -0.0815974 0.0916147
0.647525 -0.0641907 0.0988248
0.389699 -0.179647 0.25716
0.389699 -0.226385 0.237801
0.389699 -0.0850781 0.296332
0.389699 -0.0315428 0.318507
0.389699 -0.134683 0.275785
0.389699 -0.120051 0.281846
0.389699 -0.213634 0.243082
0.389699 -0.120488 0.281665
0.389699 -0.153004 0.268196
0.389699 -0.0538592 0.309263
0.389699 -0.19167 0.25218
0.389699 -0.163428 0.263878
0.389699 -0.101142 0.289678
0.389699 -0.0809638 0.298036
0.389699 -0.0763922 0.29993
0.389699 -0.134889 0.2757
0.389699 -0.214911 0.242553
0.389699 -0.0757342 0.300202
0.389699 -0.108458 0.286648
0.389699 -0.0300455 0.319127
0.389699 -0.0407895 0.314677
0.389699 -0.167593 0.262153
0.389699 -0.0973123 0.291264
0.389699 -0.172604 0.260078
0.389699 -0.16249 0.264267
0.389699 -0.146728 0.270796
0.389699 -0.233405 0.234893
0.389699 -0.145827 0.271169
0.389699 -0.167384 0.26224
0.389699 -0.172873 0.259966
0.389699 -0.0951187 0.292173
0.389699 -0.232395 0.235311
0.389699 -0.114038 0.284337
0.389699 -0.105335 0.287941
0.389699 -0.0346738 0.31721
0.389699 -0.117409 0.28294
0.389699 -0.101439 0.289555
0.389699 -0.0281697 0.319904
0.389699 -0.21573 0.242214
0.389699 -0.169709 0.261276
0.192641 -0.164612 0.235638
0.192641 -0.207439 0.217899
0.192641 -0.0779579 0.271532
0.192641 -0.028903 0.291851
0.192641 -0.123412 0.252704
0.192641 -0.110004 0.258258
0.192641 -0.195755 0.222739
0.192641 -0.110404 0.258092
0.192641 -0.140199 0.245751
0.192641 -0.0493517 0.283381
0.192641 -0.175629 0.231075
0.192641 -0.149751 0.241794
0.192641 -0.0926775 0.265435
0.192641 -0.0741879 0.273093
0.192641 -0.0699989 0.274829
0.192641 -0.1236 0.252626
0.192641 -0.196925 0.222254
0.192641 -0.0693959 0.275078
0.192641 -0.0993811 0.262658
0.192641 -0.027531 0.292419
0.192641 -0.0373758 0.288341
0.192641 -0.153567 0.240213
0.192641 -0.0891682 0.266888
0.192641 -0.158158 0.238312
0.192641 -0.148892 0.24215
0.192641 -0.134449 0.248133
0.192641 -0.213872 0.215235
0.192641 -0.133623 0.248475
0.192641 -0.153375 0.240293
0.192641 -0.158406 0.238209
0.192641 -0.0871582 0.267721
0.192641 -0.212946 0.215618
0.192641 -0.104494 0.26054
0.192641 -0.0965194 0.263843
0.192641 -0.0317719 0.290663
0.192641 -0.107583 0.259261
0.192641 -0.0929491 0.265322
0.192641 -0.0258122 0.293131
0.192641 -0.197676 0.221943
0.192641 -0.155506 0.23941
0.491615 -0.161262 0.230842
0.491615 -0.203217 0.213464
0.491615 -0.0763712 0.266005
0.491615 -0.0283147 0.285911
0.491615 -0.1209 0.247561
0.491615 -0.107765 0.253001
0.491615 -0.191771 0.218205
0.491615 -0.108157 0.252839
0.491615 -0.137345 0.240749
0.491615 -0.0483472 0.277613
0.491615 -0.172054 0.226372
0.491615 -0.146703 0.236873
0.491615 -0.0907911 0.260032
0.491615 -0.0726779 0.267535
0.491615 -0.0685741 0.269235
0.491615 -0.121084 0.247484
0.491615 -0.192917 0.21773
0.491615 -0.0679835 0.269479
0.491615 -0.0973583 0.257312
0.491615 -0.0269706 0.286467
0.491615 -0.0366151 0.282473
0.491615 -0.150441 0.235324
0.491615 -0.0873533 0.261456
0.491615 -0.154939 0.233461
0.491615 -0.145861 0.237221
0.491615 -0.131712 0.243082
0.491615 -0.209518 0.210854
0.491615 -0.130903 0.243417
0.491615 -0.150253 0.235402
0.491615 -0.155181 0.233361
0.491615 -0.0853842 0.262272
0.491615 -0.208611 0.211229
0.491615 -0.102367 0.255237
0.491615 -0.0945548 0.258473
0.491615 -0.0311252 0.284747
0.491615 -0.105393 0.253984
0.491615 -0.0910572 0.259922
0.491615 -0.0252868 0.287165
0.491615 -0.193652 0.217426
0.491615 -0.152341 0.234537
0.600781 -0.111926 0.16022
0.600781 -0.141046 0.148158
0.600781 -0.0530066 0.184625
0.600781 -0.0196523 0.198441
0.600781 -0.0839123 0.171824
0.600781 -0.0747959 0.1756
0.600781 -0.133102 0.151449
0.600781 -0.075068 0.175487
0.600781 -0.0953267 0.167096
0.600781 -0.0335562 0.192682
0.600781 -0.119417 0.157117
0.600781 -0.101822 0.164405
0.600781 -0.0630151 0.18048
0.600781 -0.0504433 0.185687
0.600781 -0.047595 0.186867
0.600781 -0.0840406 0.17177
0.600781 -0.133897 0.151119
0.600781 -0.047185 0.187037
0.600781 -0.0675731 0.178592
0.600781 -0.0187194 0.198827
0.600781 -0.0254133 0.196055
0.600781 -0.104416 0.163331
0.600781 -0.060629 0.181468
0.600781 -0.107538 0.162037
0.600781 -0.101237 0.164647
0.600781 -0.091417 0.168715
0.600781 -0.14542 0.146346
0.600781 -0.0908554 0.168948
0.600781 -0.104286 0.163385
0.600781 -0.107706 0.161968
0.600781 -0.0592623 0.182034
0.600781 -0.14479 0.146607
0.600781 -0.0710495 0.177152
0.600781 -0.0656273 0.179397
0.600781 -0.021603 0.197633
0.600781 -0.0731498 0.176282
0.600781 -0.0631998 0.180403
0.600781 -0.0175507 0.199311
0.600781 -0.134407 0.150908
0.600781 -0.105735 0.162784
0.47178 -0.166443 0.238258
0.47178 -0.209745 0.220322
0.47178 -0.0788247 0.274551
0.47178 -0.0292243 0.295096
0.47178 -0.124784 0.255514
0.47178 -0.111227 0.261129
0.47178 -0.197932 0.225215
0.47178 -0.111631 0.260962
0.47178 -0.141758 0.248483
0.47178 -0.0499004 0.286532
0.47178 -0.177582 0.233644
0.47178 -0.151416 0.244483
0.47178 -0.0937079 0.268386
0.47178 -0.0750127 0.27613
0.47178 -0.0707772 0.277884
0.47178 -0.124974 0.255435
0.47178 -0.199115 0.224725
0.47178 -0.0701675 0.278137
0.47178 -0.100486 0.265578
0.47178 -0.0278371 0.295671
0.47178 -0.0377914 0.291547
0.47178 -0.155275 0.242884
0.47178 -0.0901596 0.269856
0.47178 -0.159917 0.240961
0.47178 -0.150547 0.244842
0.47178 -0.135944 0.250891
0.47178 -0.216249 0.217628
0.47178 -0.135109 0.251237
0.47178 -0.155081 0.242965
0.47178 -0.160167 0.240858
0.47178 -0.0881272 0.270698
0.47178 -0.215313 0.218015
0.47178 -0.105656 0.263437
0.47178 -0.0975925 0.266777
0.47178 -0.0321252 0.293894
0.47178 -0.108779 0.262143
0.47178 -0.0939826 0.268272
0.47178 -0.0260992 0.29639
0.47178 -0.199873 0.224411
0.47178 -0.157235 0.242072
0.665865 -0.0341032 0.0488178
0.665865 -0.0429757 0.0451428
0.665865 -0.0161508 0.056254
0.665865 -0.00598791 0.0604636
0.665865 -0.0255675 0.0523535
0.665865 -0.0227898 0.053504
0.665865 -0.0405552 0.0461454
0.665865 -0.0228727 0.0534697
0.665865 -0.0290454 0.0509129
0.665865 -0.0102243 0.0587088
0.665865 -0.0363856 0.0478725
0.665865 -0.0310243 0.0500932
0.665865 -0.0192003 0.0549909
0.665865 -0.0153697 0.0565775
0.665865 -0.0145019 0.056937
0.665865 -0.0256066 0.0523373
0.665865 -0.0407976 0.0460449
0.665865 -0.0143769 0.0569887
0.665865 -0.0205891 0.0544156
0.665865 -0.00570367 0.0605813
0.665865 -0.00774325 0.0597365
0.665865 -0.0318149 0.0497657
0.665865 -0.0184732 0.055292
0.665865 -0.0327661 0.0493717
0.665865 -0.0308463 0.0501669
0.665865 -0.0278541 0.0514063
0.665865 -0.0443084 0.0445907
0.665865 -0.027683 0.0514772
0.665865 -0.0317752 0.0497822
0.665865 -0.0328173 0.0493505
0.665865 -0.0180568 0.0554645
0.665865 -0.0441165 0.0446702
0.665865 -0.0216483 0.0539769
0.665865 -0.0199962 0.0546612
0.665865 -0.00658227 0.0602174
0.665865 -0.0222882 0.0537118
0.665865 -0.0192565 0.0549675
0.665865 -0.00534758 0.0607288
0.665865 -0.040953 0.0459806
0.665865 -0.0322167 0.0495993
0.671374 -0.0093225 0.0133449
0.671374 -0.0117479 0.0123403
0.671374 -0.00441499 0.0153777
0.671374 -0.00163686 0.0165284
0.671374 -0.00698917 0.0143114
0.671374 -0.00622985 0.0146259
0.671374 -0.0110862 0.0126144
0.671374 -0.00625251 0.0146165
0.671374 -0.00793988 0.0139176
0.671374 -0.00279494 0.0160487
0.671374 -0.00994641 0.0130865
0.671374 -0.00848084 0.0136935
0.671374 -0.00524861 0.0150324
0.671374 -0.00420148 0.0154661
0.671374 -0.00396425 0.0155644
0.671374 -0.00699985 0.014307
0.671374 -0.0111525 0.0125869
0.671374 -0.0039301 0.0155785
0.671374 -0.00562825 0.0148751
0.671374 -0.00155916 0.0165606
0.671374 -0.00211671 0.0163296
0.671374 -0.00869697 0.013604
0.671374 -0.00504987 0.0151147
0.671374 -0.00895699 0.0134963
0.671374 -0.00843218 0.0137137
0.671374 -0.00761424 0.0140525
0.671374 -0.0121122 0.0121894
0.671374 -0.00756747 0.0140719
0.671374 -0.0086861 0.0136085
0.671374 -0.00897098 0.0134905
0.671374 -0.00493603 0.0151618
0.671374 -0.0120598 0.0122111
0.671374 -0.0059178 0.0147552
0.671374 -0.00546618 0.0149422
0.671374 -0.00179934 0.0164611
0.671374 -0.00609274 0.0146827
0.671374 -0.00526399 0.015026
0.671374 -0.00146182 0.0166009
0.671374 -0.011195 0.0125693
0.671374 -0.0088068 0.0135585
0.0275535 -0.0721874 0.103334
0.0275535 -0.090968 0.0955551
0.0275535 -0.0341868 0.119075
0.0275535 -0.0126748 0.127985
0.0275535 -0.0541196 0.110818
0.0275535 -0.0482399 0.113254
0.0275535 -0.0858445 0.0976774
0.0275535 -0.0484154 0.113181
0.0275535 -0.0614813 0.107769
0.0275535 -0.0216422 0.124271
0.0275535 -0.0770185 0.101333
0.0275535 -0.0656702 0.106034
0.0275535 -0.0406418 0.116401
0.0275535 -0.0325336 0.119759
0.0275535 -0.0306966 0.12052
0.0275535 -0.0542023 0.110784
0.0275535 -0.0863576 0.0974648
0.0275535 -0.0304322 0.12063
0.0275535 -0.0435815 0.115183
0.0275535 -0.0120732 0.128234
0.0275535 -0.0163904 0.126446
0.0275535 -0.0673437 0.105341
0.0275535 -0.0391029 0.117038
0.0275535 -0.0693571 0.104507
0.0275535 -0.0652933 0.10619
0.0275535 -0.0589597 0.108813
0.0275535 -0.093789 0.0943867
0.0275535 -0.0585975 0.108963
0.0275535 -0.0672595 0.105375
0.0275535 -0.0694655 0.104462
0.0275535 -0.0382214 0.117403
0.0275535 -0.0933829 0.0945549
0.0275535 -0.0458236 0.114255
0.0275535 -0.0423266 0.115703
0.0275535 -0.0139329 0.127464
0.0275535 -0.0471782 0.113693
0.0275535 -0.0407609 0.116352
0.0275535 -0.0113194 0.128547
0.0275535 -0.0866865 0.0973286
0.0275535 -0.0681941 0.104988
0.0963451 -0.127576 0.182621
0.0963451 -0.160766 0.168873
0.0963451 -0.0604179 0.210439
0.0963451 -0.0224 0.226186
0.0963451 -0.0956447 0.195848
0.0963451 -0.0852536 0.200152
0.0963451 -0.151712 0.172624
0.0963451 -0.0855638 0.200023
0.0963451 -0.108655 0.190458
0.0963451 -0.0382479 0.219622
0.0963451 -0.136114 0.179085
0.0963451 -0.116058 0.187392
0.0963451 -0.0718257 0.205714
0.0963451 -0.0574961 0.211649
0.0963451 -0.0542496 0.212994
0.0963451 -0.0957909 0.195787
0.0963451 -0.152619 0.172248
0.0963451 -0.0537823 0.213187
0.0963451 -0.077021 0.203562
0.0963451 -0.0213367 0.226627
0.0963451 -0.0289665 0.223467
0.0963451 -0.119016 0.186167
0.0963451 -0.069106 0.20684
0.0963451 -0.122574 0.184693
0.0963451 -0.115392 0.187668
0.0963451 -0.104199 0.192304
0.0963451 -0.165752 0.166808
0.0963451 -0.103559 0.192569
0.0963451 -0.118867 0.186229
0.0963451 -0.122765 0.184614
0.0963451 -0.0675481 0.207485
0.0963451 -0.165034 0.167105
0.0963451 -0.0809834 0.20192
0.0963451 -0.0748032 0.20448
0.0963451 -0.0246234 0.225265
0.0963451 -0.0833774 0.200929
0.0963451 -0.0720362 0.205626
0.0963451 -0.0200046 0.227179
0.0963451 -0.1532 0.172007
0.0963451 -0.120519 0.185544
0.376761 -0.180645 0.258588
0.376761 -0.227642 0.239121
0.376761 -0.0855506 0.297978
0.376761 -0.031718 0.320276
0.376761 -0.135431 0.277316
0.376761 -0.120718 0.283411
0.376761 -0.214821 0.244432
0.376761 -0.121157 0.283229
0.376761 -0.153853 0.269686
0.376761 -0.0541583 0.310981
0.376761 -0.192735 0.253581
0.376761 -0.164336 0.265344
0.376761 -0.101704 0.291287
0.376761 -0.0814134 0.299691
0.376761 -0.0768164 0.301595
0.376761 -0.135638 0.277231
0.376761 -0.216105 0.2439
0.376761 -0.0761548 0.30187
0.376761 -0.10906 0.28824
0.376761 -0.0302124 0.320899
0.376761 -0.041016 0.316424
0.376761 -0.168524 0.263609
0.376761 -0.0978528 0.292882
0.376761 -0.173562 0.261522
0.376761 -0.163393 0.265734
0.376761 -0.147543 0.272299
0.376761 -0.234702 0.236197
0.376761 -0.146637 0.272675
0.376761 -0.168313 0.263696
0.376761 -0.173833 0.26141
0.376761 -0.0956469 0.293796
0.376761 -0.233685 0.236618
0.376761 -0.114671 0.285916
0.376761 -0.10592 0.28954
0.376761 -0.0348663 0.318972
0.376761 -0.118061 0.284511
0.376761 -0.102002 0.291163
0.376761 -0.0283262 0.321681
0.376761 -0.216928 0.243559
0.376761 -0.170652 0.262728
0.601514 -0.111416 0.159489
0.601514 -0.140402 0.147482
0.601514 -0.0527648 0.183783
0.601514 -0.0195626 0.197536
0.601514 -0.0835295 0.17104
0.601514 -0.0744546 0.174799
0.601514 -0.132494 0.150758
0.601514 -0.0747255 0.174686
0.601514 -0.0948917 0.166333
0.601514 -0.0334031 0.191803
0.601514 -0.118872 0.1564
0.601514 -0.101357 0.163655
0.601514 -0.0627276 0.179656
0.601514 -0.0502131 0.18484
0.601514 -0.0473778 0.186014
0.601514 -0.0836571 0.170987
0.601514 -0.133286 0.15043
0.601514 -0.0469697 0.186183
0.601514 -0.0672648 0.177777
0.601514 -0.018634 0.19792
0.601514 -0.0252973 0.19516
0.601514 -0.10394 0.162585
0.601514 -0.0603524 0.18064
0.601514 -0.107047 0.161298
0.601514 -0.100775 0.163896
0.601514 -0.0909999 0.167945
0.601514 -0.144756 0.145679
0.601514 -0.0904409 0.168177
0.601514 -0.10381 0.162639
0.601514 -0.107215 0.161229
0.601514 -0.0589919 0.181203
0.601514 -0.144129 0.145938
0.601514 -0.0707253 0.176343
0.601514 -0.0653279 0.178579
0.601514 -0.0215044 0.196731
0.601514 -0.072816 0.175477
0.601514 -0.0629114 0.17958
0.601514 -0.0174706 0.198402
0.601514 -0.133794 0.150219
0.601514 -0.105253 0.162042
0.476429 -0.165306 0.236631
0.476429 -0.208312 0.218817
0.476429 -0.0782862 0.272675
0.476429 -0.0290247 0.29308
0.476429 -0.123931 0.253769
0.476429 -0.110467 0.259346
0.476429 -0.19658 0.223677
0.476429 -0.110869 0.259179
0.476429 -0.140789 0.246786
0.476429 -0.0495596 0.284574
0.476429 -0.176369 0.232048
0.476429 -0.150382 0.242812
0.476429 -0.0930678 0.266553
0.476429 -0.0745003 0.274243
0.476429 -0.0702937 0.275986
0.476429 -0.124121 0.25369
0.476429 -0.197755 0.22319
0.476429 -0.0696882 0.276237
0.476429 -0.0997996 0.263764
0.476429 -0.0276469 0.293651
0.476429 -0.0375332 0.289556
0.476429 -0.154214 0.241225
0.476429 -0.0895437 0.268012
0.476429 -0.158824 0.239315
0.476429 -0.149519 0.24317
0.476429 -0.135015 0.249178
0.476429 -0.214772 0.216141
0.476429 -0.134186 0.249521
0.476429 -0.154021 0.241305
0.476429 -0.159073 0.239212
0.476429 -0.0875252 0.268848
0.476429 -0.213842 0.216526
0.476429 -0.104934 0.261637
0.476429 -0.0969259 0.264955
0.476429 -0.0319057 0.291887
0.476429 -0.108036 0.260353
0.476429 -0.0933406 0.26644
0.476429 -0.0259209 0.294366
0.476429 -0.198508 0.222878
0.476429 -0.156161 0.240418
0.327686 -0.181941 0.260444
0.327686 -0.229276 0.240838
0.327686 -0.0861646 0.300116
0.327686 -0.0319456 0.322575
0.327686 -0.136403 0.279307
0.327686 -0.121584 0.285445
0.327686 -0.216363 0.246186
0.327686 -0.122026 0.285262
0.327686 -0.154958 0.271621
0.327686 -0.054547 0.313213
0.327686 -0.194118 0.255401
0.327686 -0.165515 0.267248
0.327686 -0.102434 0.293377
0.327686 -0.0819977 0.301842
0.327686 -0.0773678 0.30376
0.327686 -0.136612 0.27922
0.327686 -0.217656 0.245651
0.327686 -0.0767013 0.304036
0.327686 -0.109843 0.290308
0.327686 -0.0304292 0.323203
0.327686 -0.0413104 0.318696
0.327686 -0.169733 0.265501
0.327686 -0.0985551 0.294984
0.327686 -0.174808 0.263399
0.327686 -0.164566 0.267642
0.327686 -0.148602 0.274254
0.327686 -0.236386 0.237893
0.327686 -0.14769 0.274632
0.327686 -0.169521 0.265589
0.327686 -0.175081 0.263286
0.327686 -0.0963334 0.295904
0.327686 -0.235363 0.238316
0.327686 -0.115494 0.287968
0.327686 -0.10668 0.291619
0.327686 -0.0351166 0.321261
0.327686 -0.118908 0.286553
0.327686 -0.102734 0.293253
0.327686 -0.0285295 0.32399
0.327686 -0.218485 0.245307
0.327686 -0.171877 0.264613
0.631303 -0.0866464 0.124032
0.631303 -0.109189 0.114695
0.631303 -0.0410344 0.142925
0.631303 -0.0152136 0.15362
0.631303 -0.0649596 0.133015
0.631303 -0.0579022 0.135938
0.631303 -0.103039 0.117242
0.631303 -0.0581129 0.135851
0.631303 -0.0737959 0.129355
0.631303 -0.0259771 0.149162
0.631303 -0.0924452 0.12163
0.631303 -0.0788238 0.127272
0.631303 -0.0487823 0.139716
0.631303 -0.03905 0.143747
0.631303 -0.036845 0.14466
0.631303 -0.0650589 0.132974
0.631303 -0.103655 0.116987
0.631303 -0.0365277 0.144792
0.631303 -0.0523108 0.138254
0.631303 -0.0144914 0.15392
0.631303 -0.0196734 0.151773
0.631303 -0.0808326 0.12644
0.631303 -0.0469351 0.140481
0.631303 -0.0832492 0.125439
0.631303 -0.0783715 0.12746
0.631303 -0.0707692 0.130609
0.631303 -0.112575 0.113292
0.631303 -0.0703345 0.130789
0.631303 -0.0807315 0.126482
0.631303 -0.0833793 0.125385
0.631303 -0.0458771 0.140919
0.631303 -0.112087 0.113494
0.631303 -0.055002 0.13714
0.631303 -0.0508045 0.138878
0.631303 -0.0167237 0.152995
0.631303 -0.0566279 0.136466
0.631303 -0.0489253 0.139657
0.631303 -0.0135867 0.154294
0.631303 -0.10405 0.116823
0.631303 -0.0818533 0.126017
0.342213 -0.181964 0.260476
0.342213 -0.229304 0.240867
0.342213 -0.0861753 0.300153
0.342213 -0.0319496 0.322614
0.342213 -0.13642 0.279341
0.342213 -0.121599 0.28548
0.342213 -0.216389 0.246217
0.342213 -0.122041 0.285297
0.342213 -0.154977 0.271655
0.342213 -0.0545538 0.313251
0.342213 -0.194142 0.255432
0.342213 -0.165536 0.267281
0.342213 -0.102446 0.293414
0.342213 -0.0820079 0.30188
0.342213 -0.0773773 0.303798
0.342213 -0.136629 0.279255
0.342213 -0.217683 0.245681
0.342213 -0.0767108 0.304074
0.342213 -0.109857 0.290344
0.342213 -0.030433 0.323243
0.342213 -0.0413155 0.318735
0.342213 -0.169754 0.265534
0.342213 -0.0985673 0.29502
0.342213 -0.17483 0.263432
0.342213 -0.164586 0.267675
0.342213 -0.148621 0.274288
0.342213 -0.236415 0.237922
0.342213 -0.147708 0.274666
0.342213 -0.169542 0.265622
0.342213 -0.175103 0.263318
0.342213 -0.0963453 0.295941
0.342213 -0.235392 0.238346
0.342213 -0.115508 0.288003
0.342213 -0.106693 0.291655
0.342213 -0.0351209 0.321301
0.342213 -0.118923 0.286589
0.342213 -0.102747 0.293289
0.342213 -0.028533 0.32403
0.342213 -0.218512 0.245338
0.342213 -0.171898 0.264646
0.661203 -0.0453856 0.0649682
0.661203 -0.0571933 0.0600773
0.661203 -0.0214939 0.0748645
0.661203 -0.00796889 0.0804667
0.661203 -0.034026 0.0696735
0.661203 -0.0303293 0.0712047
0.661203 -0.053972 0.0614116
0.661203 -0.0304396 0.071159
0.661203 -0.0386544 0.0677564
0.661203 -0.0136068 0.0781314
0.661203 -0.048423 0.0637101
0.661203 -0.0412881 0.0666655
0.661203 -0.0255523 0.0731835
0.661203 -0.0204545 0.075295
0.661203 -0.0192995 0.0757734
0.661203 -0.034078 0.069652
0.661203 -0.0542946 0.061278
0.661203 -0.0191333 0.0758423
0.661203 -0.0274005 0.0724179
0.661203 -0.00759062 0.0806234
0.661203 -0.0103049 0.0794991
0.661203 -0.0423403 0.0662296
0.661203 -0.0245847 0.0735842
0.661203 -0.0436061 0.0657053
0.661203 -0.0410511 0.0667636
0.661203 -0.0370691 0.068413
0.661203 -0.0589669 0.0593427
0.661203 -0.0368414 0.0685074
0.661203 -0.0422873 0.0662516
0.661203 -0.0436742 0.0656771
0.661203 -0.0240305 0.0738138
0.661203 -0.0587116 0.0594484
0.661203 -0.0288102 0.071834
0.661203 -0.0266115 0.0727447
0.661203 -0.00875988 0.0801391
0.661203 -0.0296618 0.0714812
0.661203 -0.0256272 0.0731524
0.661203 -0.00711672 0.0808197
0.661203 -0.0545014 0.0611923
0.661203 -0.0428749 0.0660082
0.615857 -0.10058 0.143978
0.615857 -0.126748 0.133139
0.615857 -0.0476332 0.165909
0.615857 -0.0176601 0.178325
0.615857 -0.075406 0.154405
0.615857 -0.0672137 0.157799
0.615857 -0.119609 0.136096
0.615857 -0.0674582 0.157698
0.615857 -0.0856632 0.150157
0.615857 -0.0301545 0.173149
0.615857 -0.107312 0.14119
0.615857 -0.0914996 0.147739
0.615857 -0.0566271 0.162184
0.615857 -0.0453297 0.166863
0.615857 -0.0427702 0.167924
0.615857 -0.0755212 0.154358
0.615857 -0.120324 0.1358
0.615857 -0.0424018 0.168076
0.615857 -0.0607231 0.160487
0.615857 -0.0168218 0.178672
0.615857 -0.0228371 0.17618
0.615857 -0.0938315 0.146773
0.615857 -0.0544829 0.163072
0.615857 -0.0966368 0.145611
0.615857 -0.0909746 0.147957
0.615857 -0.0821498 0.151612
0.615857 -0.130678 0.131511
0.615857 -0.0816452 0.151821
0.615857 -0.0937142 0.146822
0.615857 -0.0967877 0.145549
0.615857 -0.0532547 0.163581
0.615857 -0.130112 0.131745
0.615857 -0.063847 0.159193
0.615857 -0.0589745 0.161212
0.615857 -0.019413 0.177598
0.615857 -0.0657344 0.158412
0.615857 -0.0567931 0.162115
0.615857 -0.0157716 0.179107
0.615857 -0.120782 0.13561
0.615857 -0.0950164 0.146283
0.667596 -0.0287528 0.0411588
0.667596 -0.0362332 0.0380603
0.667596 -0.0136169 0.0474283
0.667596 -0.00504847 0.0509774
0.667596 -0.0215562 0.0441397
0.667596 -0.0192143 0.0451098
0.667596 -0.0341925 0.0389056
0.667596 -0.0192842 0.0450808
0.667596 -0.0244884 0.0429251
0.667596 -0.00862023 0.049498
0.667596 -0.030677 0.0403617
0.667596 -0.0261569 0.042234
0.667596 -0.0161879 0.0463633
0.667596 -0.0129583 0.047701
0.667596 -0.0122267 0.0480041
0.667596 -0.0215892 0.0441261
0.667596 -0.0343968 0.0388209
0.667596 -0.0121213 0.0480477
0.667596 -0.0173588 0.0458783
0.667596 -0.00480882 0.0510767
0.667596 -0.00652841 0.0503644
0.667596 -0.0268235 0.0419579
0.667596 -0.015575 0.0466172
0.667596 -0.0276254 0.0416257
0.667596 -0.0260068 0.0422962
0.667596 -0.0234841 0.0433412
0.667596 -0.0373568 0.0375949
0.667596 -0.0233398 0.0434009
0.667596 -0.02679 0.0419718
0.667596 -0.0276686 0.0416079
0.667596 -0.0152239 0.0467626
0.667596 -0.0371951 0.0376619
0.667596 -0.0182519 0.0455084
0.667596 -0.016859 0.0460854
0.667596 -0.00554958 0.0507699
0.667596 -0.0187914 0.0452849
0.667596 -0.0162354 0.0463437
0.667596 -0.0045086 0.051201
0.667596 -0.0345279 0.0387667
0.667596 -0.0271622 0.0418176
0.102115 -0.13068 0.187065
0.102115 -0.164678 0.172982
0.102115 -0.0618881 0.21556
0.102115 -0.0229451 0.23169
0.102115 -0.0979721 0.200613
0.102115 -0.0873282 0.205022
0.102115 -0.155403 0.176824
0.102115 -0.0876458 0.20489
0.102115 -0.111299 0.195093
0.102115 -0.0391786 0.224966
0.102115 -0.139426 0.183442
0.102115 -0.118882 0.191952
0.102115 -0.0735734 0.210719
0.102115 -0.0588952 0.216799
0.102115 -0.0555697 0.218177
0.102115 -0.0981218 0.200551
0.102115 -0.156332 0.17644
0.102115 -0.055091 0.218375
0.102115 -0.0788952 0.208515
0.102115 -0.0218559 0.232142
0.102115 -0.0296714 0.228904
0.102115 -0.121912 0.190697
0.102115 -0.0707876 0.211873
0.102115 -0.125556 0.189187
0.102115 -0.1182 0.192235
0.102115 -0.106734 0.196984
0.102115 -0.169785 0.170867
0.102115 -0.106079 0.197255
0.102115 -0.121759 0.19076
0.102115 -0.125753 0.189106
0.102115 -0.0691918 0.212534
0.102115 -0.16905 0.171172
0.102115 -0.082954 0.206834
0.102115 -0.0766234 0.209456
0.102115 -0.0252226 0.230747
0.102115 -0.0854062 0.205818
0.102115 -0.0737891 0.21063
0.102115 -0.0204914 0.232707
0.102115 -0.156928 0.176193
0.102115 -0.123451 0.190059
0.567101 -0.132031 0.188998
0.567101 -0.16638 0.17477
0.567101 -0.0625277 0.217788
0.567101 -0.0231822 0.234085
0.567101 -0.0989847 0.202687
0.567101 -0.0882307 0.207141
0.567101 -0.157009 0.178652
0.567101 -0.0885517 0.207008
0.567101 -0.112449 0.197109
0.567101 -0.0395835 0.227291
0.567101 -0.140867 0.185338
0.567101 -0.120111 0.193936
0.567101 -0.0743338 0.212897
0.567101 -0.0595039 0.21904
0.567101 -0.056144 0.220432
0.567101 -0.099136 0.202624
0.567101 -0.157948 0.178263
0.567101 -0.0556604 0.220632
0.567101 -0.0797106 0.21067
0.567101 -0.0220818 0.234541
0.567101 -0.029978 0.23127
0.567101 -0.123172 0.192668
0.567101 -0.0715192 0.214063
0.567101 -0.126854 0.191143
0.567101 -0.119421 0.194221
0.567101 -0.107837 0.19902
0.567101 -0.17154 0.172633
0.567101 -0.107175 0.199294
0.567101 -0.123018 0.192732
0.567101 -0.127052 0.191061
0.567101 -0.0699069 0.214731
0.567101 -0.170797 0.172941
0.567101 -0.0838114 0.208972
0.567101 -0.0774153 0.211621
0.567101 -0.0254833 0.233132
0.567101 -0.0862889 0.207945
0.567101 -0.0745517 0.212807
0.567101 -0.0207032 0.235112
0.567101 -0.15855 0.178014
0.567101 -0.124727 0.192024
0.0845645 -0.120739 0.172835
0.0845645 -0.152151 0.159823
0.0845645 -0.0571801 0.199162
0.0845645 -0.0211996 0.214065
0.0845645 -0.0905192 0.185352
0.0845645 -0.080685 0.189426
0.0845645 -0.143582 0.163373
0.0845645 -0.0809785 0.189304
0.0845645 -0.102832 0.180252
0.0845645 -0.0361982 0.207853
0.0845645 -0.12882 0.169488
0.0845645 -0.109838 0.17735
0.0845645 -0.0679766 0.19469
0.0845645 -0.0544149 0.200307
0.0845645 -0.0513424 0.20158
0.0845645 -0.0906576 0.185295
0.0845645 -0.14444 0.163018
0.0845645 -0.0509002 0.201763
0.0845645 -0.0728935 0.192653
0.0845645 -0.0201933 0.214482
0.0845645 -0.0274142 0.211491
0.0845645 -0.112638 0.17619
0.0845645 -0.0654026 0.195756
0.0845645 -0.116005 0.174796
0.0845645 -0.109208 0.177611
0.0845645 -0.0986147 0.181999
0.0845645 -0.156869 0.157869
0.0845645 -0.098009 0.18225
0.0845645 -0.112497 0.176249
0.0845645 -0.116186 0.17472
0.0845645 -0.0639283 0.196367
0.0845645 -0.15619 0.15815
0.0845645 -0.0766436 0.1911
0.0845645 -0.0707945 0.193522
0.0845645 -0.0233039 0.213194
0.0845645 -0.0789093 0.190161
0.0845645 -0.0681758 0.194607
0.0845645 -0.0189326 0.215004
0.0845645 -0.14499 0.16279
0.0845645 -0.11406 0.175601
0.187828 -0.163358 0.233842
0.187828 -0.205857 0.216238
0.187828 -0.0773636 0.269462
0.187828 -0.0286827 0.289626
0.187828 -0.122471 0.250778
0.187828 -0.109165 0.256289
0.187828 -0.194263 0.221041
0.187828 -0.109562 0.256125
0.187828 -0.13913 0.243877
0.187828 -0.0489755 0.281221
0.187828 -0.17429 0.229314
0.187828 -0.148609 0.239951
0.187828 -0.091971 0.263411
0.187828 -0.0736223 0.271012
0.187828 -0.0694653 0.272733
0.187828 -0.122658 0.2507
0.187828 -0.195424 0.22056
0.187828 -0.0688669 0.272981
0.187828 -0.0986235 0.260656
0.187828 -0.0273211 0.29019
0.187828 -0.0370909 0.286143
0.187828 -0.152397 0.238382
0.187828 -0.0884885 0.264854
0.187828 -0.156953 0.236495
0.187828 -0.147757 0.240304
0.187828 -0.133424 0.246241
0.187828 -0.212241 0.213594
0.187828 -0.132604 0.24658
0.187828 -0.152206 0.238461
0.187828 -0.157198 0.236393
0.187828 -0.0864937 0.26568
0.187828 -0.211322 0.213974
0.187828 -0.103697 0.258554
0.187828 -0.0957836 0.261832
0.187828 -0.0315297 0.288447
0.187828 -0.106763 0.257284
0.187828 -0.0922406 0.2633
0.187828 -0.0256154 0.290897
0.187828 -0.196169 0.220251
0.187828 -0.154321 0.237585
0.194571 -0.165102 0.236338
0.194571 -0.208055 0.218546
0.194571 -0.0781895 0.272339
0.194571 -0.0289889 0.292718
0.194571 -0.123778 0.253455
0.194571 -0.110331 0.259025
0.194571 -0.196337 0.2234
0.194571 -0.110732 0.258859
0.194571 -0.140615 0.246481
0.194571 -0.0494984 0.284223
0.194571 -0.176151 0.231762
0.194571 -0.150196 0.242513
0.194571 -0.0929528 0.266223
0.194571 -0.0744083 0.273905
0.194571 -0.0702069 0.275645
0.194571 -0.123967 0.253377
0.194571 -0.197511 0.222914
0.194571 -0.0696021 0.275896
0.194571 -0.0996764 0.263438
0.194571 -0.0276128 0.293288
0.194571 -0.0374869 0.289198
0.194571 -0.154023 0.240927
0.194571 -0.0894332 0.267681
0.194571 -0.158628 0.23902
0.194571 -0.149334 0.24287
0.194571 -0.134848 0.24887
0.194571 -0.214507 0.215874
0.194571 -0.13402 0.249213
0.194571 -0.153831 0.241007
0.194571 -0.158876 0.238917
0.194571 -0.0874171 0.268516
0.194571 -0.213578 0.216259
0.194571 -0.104804 0.261314
0.194571 -0.0968061 0.264627
0.194571 -0.0318663 0.291526
0.194571 -0.107902 0.260031
0.194571 -0.0932253 0.266111
0.194571 -0.0258889 0.294002
0.194571 -0.198263 0.222603
0.194571 -0.155968 0.240121
8.95663e-05 -0.00420253 0.0060158
8.95663e-05 -0.00529587 0.00556292
8.95663e-05 -0.00199025 0.00693216
8.95663e-05 -0.000737888 0.0074509
8.95663e-05 -0.00315067 0.00645149
8.95663e-05 -0.00280838 0.00659328
8.95663e-05 -0.0049976 0.00568647
8.95663e-05 -0.00281859 0.00658905
8.95663e-05 -0.00357925 0.00627397
8.95663e-05 -0.00125994 0.00723466
8.95663e-05 -0.00448378 0.0058993
8.95663e-05 -0.00382311 0.00617296
8.95663e-05 -0.00236604 0.0067765
8.95663e-05 -0.001894 0.00697202
8.95663e-05 -0.00178706 0.00701632
8.95663e-05 -0.00315549 0.0064495
8.95663e-05 -0.00502747 0.0056741
8.95663e-05 -0.00177167 0.0070227
8.95663e-05 -0.00253718 0.00670561
8.95663e-05 -0.000702861 0.00746541
8.95663e-05 -0.000954198 0.0073613
8.95663e-05 -0.00392054 0.0061326
8.95663e-05 -0.00227645 0.00681361
8.95663e-05 -0.00403776 0.00608405
8.95663e-05 -0.00380117 0.00618205
8.95663e-05 -0.00343245 0.00633478
8.95663e-05 -0.0054601 0.0054949
8.95663e-05 -0.00341137 0.00634351
8.95663e-05 -0.00391564 0.00613463
8.95663e-05 -0.00404406 0.00608144
8.95663e-05 -0.00222513 0.00683487
8.95663e-05 -0.00543646 0.00550469
8.95663e-05 -0.00266771 0.00665154
8.95663e-05 -0.00246412 0.00673587
8.95663e-05 -0.000811131 0.00742056
8.95663e-05 -0.00274657 0.00661888
8.95663e-05 -0.00237297 0.00677363
8.95663e-05 -0.00065898 0.00748359
8.95663e-05 -0.00504662 0.00566617
8.95663e-05 -0.00397005 0.0061121
0.451887 -0.170804 0.244501
0.451887 -0.215241 0.226094
0.451887 -0.0808899 0.281744
0.451887 -0.02999 0.302828
0.451887 -0.128053 0.262209
0.451887 -0.114141 0.267971
0.451887 -0.203118 0.231116
0.451887 -0.114556 0.267799
0.451887 -0.145472 0.254994
0.451887 -0.0512079 0.294039
0.451887 -0.182235 0.239766
0.451887 -0.155383 0.250888
0.451887 -0.0961631 0.275418
0.451887 -0.0769781 0.283365
0.451887 -0.0726316 0.285165
0.451887 -0.128249 0.262128
0.451887 -0.204332 0.230613
0.451887 -0.0720059 0.285424
0.451887 -0.103119 0.272537
0.451887 -0.0285665 0.303417
0.451887 -0.0387815 0.299186
0.451887 -0.159343 0.249248
0.451887 -0.0925219 0.276926
0.451887 -0.164107 0.247275
0.451887 -0.154491 0.251257
0.451887 -0.139505 0.257465
0.451887 -0.221915 0.22333
0.451887 -0.138648 0.25782
0.451887 -0.159144 0.24933
0.451887 -0.164363 0.247168
0.451887 -0.0904362 0.27779
0.451887 -0.220955 0.223728
0.451887 -0.108424 0.270339
0.451887 -0.10015 0.273767
0.451887 -0.0329669 0.301595
0.451887 -0.111629 0.269012
0.451887 -0.096445 0.275301
0.451887 -0.026783 0.304156
0.451887 -0.20511 0.230291
0.451887 -0.161355 0.248414
0.660545 -0.0467462 0.0669159
0.660545 -0.0589079 0.0618784
0.660545 -0.0221383 0.0771088
0.660545 -0.00820779 0.082879
0.660545 -0.035046 0.0717623
0.660545 -0.0312386 0.0733394
0.660545 -0.05559 0.0632526
0.660545 -0.0313522 0.0732923
0.660545 -0.0398133 0.0697876
0.660545 -0.0140148 0.0804737
0.660545 -0.0498747 0.06562
0.660545 -0.0425258 0.068664
0.660545 -0.0263183 0.0753774
0.660545 -0.0210677 0.0775523
0.660545 -0.0198781 0.078045
0.660545 -0.0350996 0.0717401
0.660545 -0.0559223 0.063115
0.660545 -0.0197069 0.0781159
0.660545 -0.028222 0.0745889
0.660545 -0.00781818 0.0830404
0.660545 -0.0106139 0.0818824
0.660545 -0.0436096 0.0682151
0.660545 -0.0253217 0.0757902
0.660545 -0.0449134 0.0676751
0.660545 -0.0422818 0.0687651
0.660545 -0.0381804 0.070464
0.660545 -0.0607346 0.0611217
0.660545 -0.0379458 0.0705611
0.660545 -0.0435551 0.0682377
0.660545 -0.0449835 0.067646
0.660545 -0.0247509 0.0760266
0.660545 -0.0604717 0.0612306
0.660545 -0.0296739 0.0739875
0.660545 -0.0274093 0.0749255
0.660545 -0.00902249 0.0825416
0.660545 -0.0305511 0.0736241
0.660545 -0.0263954 0.0753455
0.660545 -0.00733007 0.0832426
0.660545 -0.0561353 0.0630268
0.660545 -0.0441603 0.067987
0.463236 -0.168414 0.24108
0.463236 -0.21223 0.222931
0.463236 -0.0797583 0.277803
0.463236 -0.0295705 0.298591
0.463236 -0.126262 0.25854
0.463236 -0.112544 0.264222
0.463236 -0.200276 0.227883
0.463236 -0.112954 0.264053
0.463236 -0.143437 0.251426
0.463236 -0.0504915 0.289925
0.463236 -0.179685 0.236412
0.463236 -0.153209 0.247378
0.463236 -0.0948178 0.271565
0.463236 -0.0759012 0.2794
0.463236 -0.0716155 0.281176
0.463236 -0.126455 0.258461
0.463236 -0.201473 0.227387
0.463236 -0.0709986 0.281431
0.463236 -0.101676 0.268724
0.463236 -0.0281668 0.299173
0.463236 -0.038239 0.295001
0.463236 -0.157114 0.245761
0.463236 -0.0912275 0.273052
0.463236 -0.161811 0.243815
0.463236 -0.15233 0.247743
0.463236 -0.137554 0.253863
0.463236 -0.218811 0.220205
0.463236 -0.136709 0.254213
0.463236 -0.156917 0.245842
0.463236 -0.162064 0.243711
0.463236 -0.0891711 0.273904
0.463236 -0.217864 0.220598
0.463236 -0.106907 0.266557
0.463236 -0.0987485 0.269937
0.463236 -0.0325057 0.297375
0.463236 -0.110067 0.265248
0.463236 -0.0950958 0.27145
0.463236 -0.0264083 0.299901
0.463236 -0.202241 0.227069
0.463236 -0.159098 0.244939
0.57874 -0.125748 0.180005
0.57874 -0.158463 0.166454
0.57874 -0.0595523 0.207424
0.57874 -0.0220791 0.222946
0.57874 -0.0942744 0.193042
0.57874 -0.0840322 0.197284
0.57874 -0.149538 0.170151
0.57874 -0.0843379 0.197157
0.57874 -0.107098 0.18773
0.57874 -0.0376999 0.216476
0.57874 -0.134164 0.176519
0.57874 -0.114395 0.184707
0.57874 -0.0707966 0.202766
0.57874 -0.0566724 0.208617
0.57874 -0.0534724 0.209942
0.57874 -0.0944185 0.192982
0.57874 -0.150432 0.16978
0.57874 -0.0530118 0.210133
0.57874 -0.0759175 0.200645
0.57874 -0.021031 0.22338
0.57874 -0.0285515 0.220265
0.57874 -0.11731 0.1835
0.57874 -0.0681159 0.203877
0.57874 -0.120818 0.182047
0.57874 -0.113739 0.184979
0.57874 -0.102706 0.189549
0.57874 -0.163377 0.164418
0.57874 -0.102075 0.189811
0.57874 -0.117164 0.183561
0.57874 -0.121006 0.181969
0.57874 -0.0665804 0.204513
0.57874 -0.16267 0.164711
0.57874 -0.0798232 0.199028
0.57874 -0.0737315 0.201551
0.57874 -0.0242707 0.222038
0.57874 -0.0821829 0.19805
0.57874 -0.0710041 0.202681
0.57874 -0.019718 0.223924
0.57874 -0.151005 0.169543
0.57874 -0.118792 0.182886
0.0315181 -0.0769684 0.110178
0.0315181 -0.0969929 0.101884
0.0315181 -0.036451 0.126961
0.0315181 -0.0135143 0.136462
0.0315181 -0.0577039 0.118158
0.0315181 -0.0514348 0.120755
0.0315181 -0.09153 0.104147
0.0315181 -0.0516219 0.120677
0.0315181 -0.0655532 0.114907
0.0315181 -0.0230756 0.132501
0.0315181 -0.0821195 0.108045
0.0315181 -0.0700195 0.113057
0.0315181 -0.0433335 0.12411
0.0315181 -0.0346883 0.127691
0.0315181 -0.0327296 0.128503
0.0315181 -0.0577921 0.118121
0.0315181 -0.0920771 0.10392
0.0315181 -0.0324477 0.128619
0.0315181 -0.046468 0.122812
0.0315181 -0.0128728 0.136728
0.0315181 -0.0174759 0.134821
0.0315181 -0.0718039 0.112317
0.0315181 -0.0416927 0.12479
0.0315181 -0.0739507 0.111428
0.0315181 -0.0696177 0.113223
0.0315181 -0.0628647 0.11602
0.0315181 -0.100001 0.100638
0.0315181 -0.0624785 0.11618
0.0315181 -0.0717142 0.112355
0.0315181 -0.0740662 0.11138
0.0315181 -0.0407528 0.125179
0.0315181 -0.0995677 0.100817
0.0315181 -0.0488585 0.121822
0.0315181 -0.0451299 0.123366
0.0315181 -0.0148557 0.135906
0.0315181 -0.0503029 0.121223
0.0315181 -0.0434605 0.124058
0.0315181 -0.0120691 0.13706
0.0315181 -0.0924278 0.103775
0.0315181 -0.0727107 0.111942
0.240286 -0.174466 0.249744
0.240286 -0.219856 0.230943
0.240286 -0.0826245 0.287786
0.240286 -0.0306331 0.309321
0.240286 -0.130799 0.267831
0.240286 -0.116589 0.273717
0.240286 -0.207473 0.236072
0.240286 -0.117013 0.273542
0.240286 -0.148591 0.260462
0.240286 -0.0523059 0.300344
0.240286 -0.186142 0.244907
0.240286 -0.158715 0.256268
0.240286 -0.0982252 0.281324
0.240286 -0.0786288 0.289441
0.240286 -0.0741891 0.29128
0.240286 -0.130999 0.267749
0.240286 -0.208713 0.235558
0.240286 -0.07355 0.291545
0.240286 -0.10533 0.278381
0.240286 -0.029179 0.309924
0.240286 -0.0396132 0.305602
0.240286 -0.16276 0.254593
0.240286 -0.0945059 0.282864
0.240286 -0.167626 0.252577
0.240286 -0.157804 0.256645
0.240286 -0.142497 0.262986
0.240286 -0.226674 0.228119
0.240286 -0.141622 0.263348
0.240286 -0.162556 0.254677
0.240286 -0.167888 0.252469
0.240286 -0.0923755 0.283747
0.240286 -0.225693 0.228525
0.240286 -0.110749 0.276136
0.240286 -0.102297 0.279637
0.240286 -0.0336738 0.308062
0.240286 -0.114023 0.27478
0.240286 -0.0985131 0.281205
0.240286 -0.0273573 0.310678
0.240286 -0.209508 0.235229
0.240286 -0.164815 0.253741
0.44903 -0.171365 0.245305
0.44903 -0.215948 0.226838
0.44903 -0.0811559 0.282671
0.44903 -0.0300886 0.303823
0.44903 -0.128474 0.263071
0.44903 -0.114516 0.268852
0.44903 -0.203786 0.231876
0.44903 -0.114933 0.26868
0.44903 -0.14595 0.255832
0.44903 -0.0513762 0.295006
0.44903 -0.182834 0.240554
0.44903 -0.155894 0.251713
0.44903 -0.0964793 0.276323
0.44903 -0.0772312 0.284296
0.44903 -0.0728704 0.286102
0.44903 -0.12867 0.262989
0.44903 -0.205004 0.231371
0.44903 -0.0722427 0.286362
0.44903 -0.103458 0.273433
0.44903 -0.0286604 0.304415
0.44903 -0.038909 0.30017
0.44903 -0.159867 0.250067
0.44903 -0.0928261 0.277837
0.44903 -0.164646 0.248088
0.44903 -0.154999 0.252084
0.44903 -0.139964 0.258311
0.44903 -0.222645 0.224064
0.44903 -0.139104 0.258667
0.44903 -0.159667 0.25015
0.44903 -0.164904 0.247981
0.44903 -0.0907335 0.278703
0.44903 -0.221681 0.224463
0.44903 -0.10878 0.271228
0.44903 -0.100479 0.274667
0.44903 -0.0330752 0.302586
0.44903 -0.111996 0.269896
0.44903 -0.0967621 0.276206
0.44903 -0.0268711 0.305156
0.44903 -0.205784 0.231048
0.44903 -0.161886 0.249231
0.668366 -0.0260129 0.0372368
0.668366 -0.0327805 0.0344335
0.668366 -0.0123193 0.0429088
0.668366 -0.0045674 0.0461198
0.668366 -0.0195021 0.0399336
0.668366 -0.0173834 0.0408112
0.668366 -0.0309342 0.0351983
0.668366 -0.0174466 0.040785
0.668366 -0.0221549 0.0388348
0.668366 -0.00779881 0.0447813
0.668366 -0.0277538 0.0365157
0.668366 -0.0236644 0.0382095
0.668366 -0.0146454 0.0419453
0.668366 -0.0117235 0.0431556
0.668366 -0.0110616 0.0434298
0.668366 -0.0195319 0.0399213
0.668366 -0.0311192 0.0351217
0.668366 -0.0109663 0.0434693
0.668366 -0.0157047 0.0415066
0.668366 -0.00435059 0.0462096
0.668366 -0.00590632 0.0455652
0.668366 -0.0242675 0.0379597
0.668366 -0.0140908 0.0421751
0.668366 -0.024993 0.0376592
0.668366 -0.0235286 0.0382658
0.668366 -0.0212463 0.0392112
0.668366 -0.0337971 0.0340125
0.668366 -0.0211158 0.0392652
0.668366 -0.0242371 0.0379723
0.668366 -0.025032 0.037643
0.668366 -0.0137732 0.0423066
0.668366 -0.0336507 0.0340731
0.668366 -0.0165126 0.0411719
0.668366 -0.0152525 0.0416939
0.668366 -0.00502076 0.045932
0.668366 -0.0170008 0.0409697
0.668366 -0.0146883 0.0419276
0.668366 -0.00407897 0.0463221
0.668366 -0.0312377 0.0350726
0.668366 -0.0245739 0.0378328
0.646463 -0.0693623 0.0992903
0.646463 -0.0874079 0.0918155
0.646463 -0.0328489 0.114415
0.646463 -0.0121788 0.122976
0.646463 -0.0520016 0.106481
0.646463 -0.046352 0.108821
0.646463 -0.0824849 0.0938547
0.646463 -0.0465206 0.108752
0.646463 -0.0590752 0.103551
0.646463 -0.0207952 0.119407
0.646463 -0.0740044 0.0973675
0.646463 -0.0631001 0.101884
0.646463 -0.0390513 0.111846
0.646463 -0.0312603 0.115073
0.646463 -0.0294952 0.115804
0.646463 -0.0520811 0.106448
0.646463 -0.0829779 0.0936505
0.646463 -0.0292412 0.115909
0.646463 -0.0418759 0.110676
0.646463 -0.0116007 0.123216
0.646463 -0.0157489 0.121498
0.646463 -0.0647082 0.101218
0.646463 -0.0375726 0.112458
0.646463 -0.0666428 0.100417
0.646463 -0.062738 0.102034
0.646463 -0.0566523 0.104555
0.646463 -0.0901185 0.0906928
0.646463 -0.0563043 0.104699
0.646463 -0.0646273 0.101252
0.646463 -0.0667469 0.100374
0.646463 -0.0367256 0.112809
0.646463 -0.0897283 0.0908544
0.646463 -0.0440303 0.109783
0.646463 -0.0406701 0.111175
0.646463 -0.0133876 0.122476
0.646463 -0.0453319 0.109244
0.646463 -0.0391657 0.111798
0.646463 -0.0108764 0.123516
0.646463 -0.083294 0.0935196
0.646463 -0.0655253 0.10088
0.206879 -0.168034 0.240536
0.206879 -0.21175 0.222428
0.206879 -0.0795783 0.277176
0.206879 -0.0295037 0.297917
0.206879 -0.125977 0.257957
0.206879 -0.11229 0.263626
0.206879 -0.199824 0.227368
0.206879 -0.112699 0.263457
0.206879 -0.143113 0.250859
0.206879 -0.0503775 0.289271
0.206879 -0.17928 0.235878
0.206879 -0.152863 0.24682
0.206879 -0.0946038 0.270952
0.206879 -0.0757299 0.27877
0.206879 -0.0714538 0.280541
0.206879 -0.126169 0.257877
0.206879 -0.201019 0.226873
0.206879 -0.0708383 0.280796
0.206879 -0.101447 0.268117
0.206879 -0.0281032 0.298497
0.206879 -0.0381527 0.294335
0.206879 -0.156759 0.245206
0.206879 -0.0910216 0.272436
0.206879 -0.161446 0.243265
0.206879 -0.151986 0.247183
0.206879 -0.137243 0.25329
0.206879 -0.218317 0.219708
0.206879 -0.1364 0.253639
0.206879 -0.156563 0.245287
0.206879 -0.161698 0.24316
0.206879 -0.0889697 0.273286
0.206879 -0.217372 0.2201
0.206879 -0.106666 0.265956
0.206879 -0.0985255 0.269327
0.206879 -0.0324323 0.296704
0.206879 -0.109819 0.264649
0.206879 -0.0948811 0.270837
0.206879 -0.0263487 0.299224
0.206879 -0.201784 0.226556
0.206879 -0.158739 0.244386
0.554875 -0.138013 0.197562
0.554875 -0.17392 0.18269
0.554875 -0.065361 0.227656
0.554875 -0.0242327 0.244692
0.554875 -0.10347 0.211871
0.554875 -0.0922287 0.216527
0.554875 -0.164124 0.186747
0.554875 -0.0925642 0.216388
0.554875 -0.117545 0.206041
0.554875 -0.0413772 0.23759
0.554875 -0.14725 0.193737
0.554875 -0.125553 0.202724
0.554875 -0.0777021 0.222544
0.554875 -0.0622001 0.228965
0.554875 -0.058688 0.23042
0.554875 -0.103628 0.211805
0.554875 -0.165105 0.186341
0.554875 -0.0581825 0.230629
0.554875 -0.0833225 0.220216
0.554875 -0.0230824 0.245168
0.554875 -0.0313364 0.241749
0.554875 -0.128753 0.201398
0.554875 -0.0747599 0.223763
0.554875 -0.132602 0.199804
0.554875 -0.124833 0.203022
0.554875 -0.112724 0.208038
0.554875 -0.179313 0.180456
0.554875 -0.112031 0.208325
0.554875 -0.128592 0.201465
0.554875 -0.132809 0.199718
0.554875 -0.0730746 0.224461
0.554875 -0.178537 0.180777
0.554875 -0.0876091 0.218441
0.554875 -0.0809232 0.22121
0.554875 -0.026638 0.243696
0.554875 -0.0901989 0.217368
0.554875 -0.0779298 0.22245
0.554875 -0.0216413 0.245765
0.554875 -0.165734 0.18608
0.554875 -0.130379 0.200725
0.629823 -0.0881116 0.126129
0.629823 -0.111035 0.116634
0.629823 -0.0417283 0.145342
0.629823 -0.0154708 0.156218
0.629823 -0.0660581 0.135264
0.629823 -0.0588814 0.138237
0.629823 -0.104781 0.119225
0.629823 -0.0590956 0.138148
0.629823 -0.0750438 0.131542
0.629823 -0.0264163 0.151684
0.629823 -0.0940085 0.123687
0.629823 -0.0801567 0.129424
0.629823 -0.0496072 0.142078
0.629823 -0.0397103 0.146178
0.629823 -0.0374681 0.147107
0.629823 -0.066159 0.135222
0.629823 -0.105408 0.118965
0.629823 -0.0371453 0.14724
0.629823 -0.0531954 0.140592
0.629823 -0.0147364 0.156522
0.629823 -0.020006 0.15434
0.629823 -0.0821994 0.128578
0.629823 -0.0477288 0.142856
0.629823 -0.084657 0.12756
0.629823 -0.0796967 0.129615
0.629823 -0.0719659 0.132817
0.629823 -0.114478 0.115208
0.629823 -0.0715239 0.133
0.629823 -0.0820967 0.128621
0.629823 -0.0847892 0.127506
0.629823 -0.0466529 0.143302
0.629823 -0.113983 0.115413
0.629823 -0.0559321 0.139459
0.629823 -0.0516636 0.141227
0.629823 -0.0170064 0.155582
0.629823 -0.0575855 0.138774
0.629823 -0.0497526 0.142018
0.629823 -0.0138164 0.156903
0.629823 -0.105809 0.118799
0.629823 -0.0832374 0.128148
0.540644 -0.144284 0.206538
0.540644 -0.181821 0.19099
0.540644 -0.0683305 0.237999
0.540644 -0.0253336 0.255809
0.540644 -0.108171 0.221497
0.540644 -0.0964189 0.226364
0.540644 -0.171581 0.195231
0.540644 -0.0967696 0.226219
0.540644 -0.122885 0.215402
0.540644 -0.043257 0.248385
0.540644 -0.15394 0.202538
0.540644 -0.131257 0.211934
0.540644 -0.0812323 0.232655
0.540644 -0.0650261 0.239368
0.540644 -0.0613544 0.240889
0.540644 -0.108336 0.221428
0.540644 -0.172606 0.194807
0.540644 -0.0608259 0.241108
0.540644 -0.0871081 0.230221
0.540644 -0.0241311 0.256307
0.540644 -0.0327601 0.252733
0.540644 -0.134602 0.210548
0.540644 -0.0781564 0.233929
0.540644 -0.138627 0.208881
0.540644 -0.130504 0.212246
0.540644 -0.117845 0.217489
0.540644 -0.18746 0.188654
0.540644 -0.117121 0.217789
0.540644 -0.134434 0.210618
0.540644 -0.138843 0.208792
0.540644 -0.0763946 0.234659
0.540644 -0.186648 0.18899
0.540644 -0.0915894 0.228365
0.540644 -0.0845997 0.23126
0.540644 -0.0278482 0.254767
0.540644 -0.0942969 0.227243
0.540644 -0.0814704 0.232556
0.540644 -0.0226245 0.256931
0.540644 -0.173264 0.194534
0.540644 -0.136302 0.209844
