0.0000 0.0000 0.0000 0.0000
0.0010 -0.0004 0.0011 0.0005
0.0020 -0.0007 0.0021 0.0010
0.0031 -0.0011 0.0032 0.0015
0.0041 -0.0014 0.0042 0.0020
0.0051 -0.0018 0.0053 0.0025
0.0061 -0.0021 0.0064 0.0030
0.0071 -0.0025 0.0074 0.0035
0.0081 -0.0028 0.0085 0.0040
0.0092 -0.0032 0.0096 0.0045
0.0102 -0.0035 0.0106 0.0050
0.0112 -0.0038 0.0117 0.0055
0.0122 -0.0042 0.0128 0.0060
0.0132 -0.0045 0.0138 0.0065
0.0143 -0.0049 0.0149 0.0069
0.0153 -0.0052 0.0160 0.0074
0.0163 -0.0056 0.0171 0.0079
0.0173 -0.0059 0.0181 0.0084
0.0183 -0.0063 0.0192 0.0089
0.0194 -0.0066 0.0203 0.0094
0.0204 -0.0069 0.0213 0.0099
0.0214 -0.0073 0.0224 0.0103
0.0224 -0.0076 0.0235 0.0108
0.0235 -0.0079 0.0246 0.0113
0.0245 -0.0083 0.0256 0.0118
0.0255 -0.0086 0.0267 0.0123
0.0265 -0.0090 0.0278 0.0127
0.0276 -0.0093 0.0289 0.0132
0.0286 -0.0096 0.0300 0.0137
0.0296 -0.0100 0.0310 0.0142
0.0306 -0.0103 0.0321 0.0146
0.0317 -0.0106 0.0332 0.0151
0.0327 -0.0110 0.0343 0.0156
0.0337 -0.0113 0.0354 0.0161
0.0347 -0.0116 0.0364 0.0165
0.0358 -0.0119 0.0375 0.0170
0.0368 -0.0123 0.0386 0.0175
0.0378 -0.0126 0.0397 0.0179
0.0388 -0.0129 0.0408 0.0184
0.0399 -0.0133 0.0418 0.0189
0.0409 -0.0136 0.0429 0.0194
0.0419 -0.0139 0.0440 0.0198
0.0429 -0.0142 0.0451 0.0203
0.0440 -0.0146 0.0462 0.0207
0.0450 -0.0149 0.0473 0.0212
0.0460 -0.0152 0.0483 0.0217
0.0470 -0.0155 0.0494 0.0221
0.0481 -0.0158 0.0505 0.0226
0.0491 -0.0162 0.0516 0.0231
0.0501 -0.0165 0.0527 0.0235
0.0512 -0.0168 0.0538 0.0240
0.0522 -0.0171 0.0549 0.0244
0.0532 -0.0174 0.0560 0.0249
0.0542 -0.0177 0.0570 0.0253
0.0553 -0.0181 0.0581 0.0258
0.0563 -0.0184 0.0592 0.0262
0.0573 -0.0187 0.0603 0.0267
0.0584 -0.0190 0.0614 0.0272
0.0594 -0.0193 0.0625 0.0276
0.0604 -0.0196 0.0636 0.0281
0.0615 -0.0199 0.0647 0.0285
0.0625 -0.0202 0.0658 0.0290
0.0635 -0.0206 0.0668 0.0294
0.0646 -0.0209 0.0679 0.0298
0.0656 -0.0212 0.0690 0.0303
0.0666 -0.0215 0.0701 0.0307
0.0677 -0.0218 0.0712 0.0312
0.0687 -0.0221 0.0723 0.0316
0.0697 -0.0224 0.0734 0.0321
0.0708 -0.0227 0.0745 0.0325
0.0718 -0.0230 0.0756 0.0330
0.0728 -0.0233 0.0767 0.0334
0.0739 -0.0236 0.0778 0.0338
0.0749 -0.0239 0.0789 0.0343
0.0759 -0.0242 0.0800 0.0347
0.0770 -0.0245 0.0811 0.0351
0.0780 -0.0248 0.0821 0.0356
0.0790 -0.0251 0.0832 0.0360
0.0801 -0.0254 0.0843 0.0365
0.0811 -0.0257 0.0854 0.0369
0.0821 -0.0260 0.0865 0.0373
0.0832 -0.0263 0.0876 0.0378
0.0842 -0.0266 0.0887 0.0382
0.0852 -0.0269 0.0898 0.0386
0.0863 -0.0272 0.0909 0.0390
0.0873 -0.0275 0.0920 0.0395
0.0883 -0.0278 0.0931 0.0399
0.0894 -0.0281 0.0942 0.0403
0.0904 -0.0284 0.0953 0.0408
0.0915 -0.0286 0.0964 0.0412
0.0925 -0.0289 0.0975 0.0416
0.0935 -0.0292 0.0986 0.0420
0.0946 -0.0295 0.0997 0.0425
0.0956 -0.0298 0.1008 0.0429
0.0966 -0.0301 0.1019 0.0433
0.0977 -0.0304 0.1030 0.0437
0.0987 -0.0307 0.1041 0.0441
0.0998 -0.0309 0.1052 0.0446
0.1008 -0.0312 0.1063 0.0450
0.1018 -0.0315 0.1074 0.0454
0.1029 -0.0318 0.1085 0.0458
0.1039 -0.0321 0.1096 0.0462
0.1050 -0.0324 0.1106 0.0467
0.1060 -0.0326 0.1117 0.0471
0.1070 -0.0329 0.1128 0.0475
0.1081 -0.0332 0.1139 0.0479
0.1091 -0.0335 0.1150 0.0483
0.1102 -0.0338 0.1161 0.0487
0.1112 -0.0340 0.1172 0.0491
0.1122 -0.0343 0.1183 0.0496
0.1133 -0.0346 0.1194 0.0500
0.1143 -0.0349 0.1205 0.0504
0.1154 -0.0351 0.1216 0.0508
0.1164 -0.0354 0.1227 0.0512
0.1174 -0.0357 0.1238 0.0516
0.1185 -0.0359 0.1249 0.0520
0.1195 -0.0362 0.1260 0.0524
0.1206 -0.0365 0.1271 0.0528
0.1216 -0.0368 0.1282 0.0532
0.1227 -0.0370 0.1293 0.0536
0.1237 -0.0373 0.1304 0.0540
0.1247 -0.0376 0.1315 0.0544
0.1258 -0.0378 0.1326 0.0548
0.1268 -0.0381 0.1337 0.0552
0.1279 -0.0384 0.1348 0.0556
0.1289 -0.0386 0.1359 0.0560
0.1300 -0.0389 0.1370 0.0564
0.1310 -0.0392 0.1381 0.0568
0.1321 -0.0394 0.1392 0.0572
0.1331 -0.0397 0.1403 0.0576
0.1341 -0.0399 0.1414 0.0580
0.1352 -0.0402 0.1425 0.0584
0.1362 -0.0405 0.1436 0.0588
0.1373 -0.0407 0.1447 0.0592
0.1383 -0.0410 0.1458 0.0596
0.1394 -0.0412 0.1469 0.0600
0.1404 -0.0415 0.1480 0.0603
0.1415 -0.0418 0.1491 0.0607
0.1425 -0.0420 0.1502 0.0611
0.1435 -0.0423 0.1513 0.0615
0.1446 -0.0425 0.1524 0.0619
0.1456 -0.0428 0.1535 0.0623
0.1467 -0.0430 0.1546 0.0627
0.1477 -0.0433 0.1557 0.0631
0.1488 -0.0435 0.1568 0.0634
0.1498 -0.0438 0.1579 0.0638
0.1509 -0.0440 0.1590 0.0642
0.1519 -0.0443 0.1601 0.0646
0.1530 -0.0445 0.1612 0.0650
0.1540 -0.0448 0.1623 0.0653
0.1551 -0.0450 0.1634 0.0657
0.1561 -0.0453 0.1644 0.0661
0.1572 -0.0455 0.1655 0.0665
0.1582 -0.0458 0.1666 0.0668
0.1593 -0.0460 0.1677 0.0672
0.1603 -0.0463 0.1688 0.0676
0.1614 -0.0465 0.1699 0.0680
0.1624 -0.0468 0.1710 0.0683
0.1635 -0.0470 0.1721 0.0687
0.1645 -0.0473 0.1732 0.0691
0.1656 -0.0475 0.1743 0.0695
0.1666 -0.0477 0.1754 0.0698
0.1677 -0.0480 0.1765 0.0702
0.1687 -0.0482 0.1776 0.0706
0.1698 -0.0485 0.1787 0.0709
0.1708 -0.0487 0.1798 0.0713
0.1719 -0.0489 0.1809 0.0717
0.1729 -0.0492 0.1820 0.0720
0.1740 -0.0494 0.1831 0.0724
0.1750 -0.0496 0.1842 0.0728
0.1761 -0.0499 0.1853 0.0731
0.1771 -0.0501 0.1864 0.0735
0.1782 -0.0503 0.1875 0.0738
0.1792 -0.0506 0.1886 0.0742
0.1803 -0.0508 0.1897 0.0746
0.1813 -0.0510 0.1907 0.0749
0.1824 -0.0513 0.1918 0.0753
0.1834 -0.0515 0.1929 0.0756
0.1845 -0.0517 0.1940 0.0760
0.1855 -0.0520 0.1951 0.0763
0.1866 -0.0522 0.1962 0.0767
0.1876 -0.0524 0.1973 0.0770
0.1887 -0.0527 0.1984 0.0774
0.1897 -0.0529 0.1995 0.0777
0.1908 -0.0531 0.2006 0.0781
0.1918 -0.0533 0.2017 0.0784
0.1929 -0.0536 0.2028 0.0788
0.1939 -0.0538 0.2039 0.0791
0.1950 -0.0540 0.2050 0.0795
0.1961 -0.0542 0.2061 0.0798
0.1971 -0.0545 0.2072 0.0802
0.1982 -0.0547 0.2082 0.0805
0.1992 -0.0549 0.2093 0.0809
0.2003 -0.0551 0.2104 0.0812
0.2013 -0.0554 0.2115 0.0815
0.2024 -0.0556 0.2126 0.0819
0.2034 -0.0558 0.2137 0.0822
0.2045 -0.0560 0.2148 0.0826
0.2055 -0.0562 0.2159 0.0829
0.2066 -0.0564 0.2170 0.0832
0.2076 -0.0567 0.2181 0.0836
0.2087 -0.0569 0.2192 0.0839
0.2098 -0.0571 0.2202 0.0842
0.2108 -0.0573 0.2213 0.0846
0.2119 -0.0575 0.2224 0.0849
0.2129 -0.0577 0.2235 0.0852
0.2140 -0.0580 0.2246 0.0856
0.2150 -0.0582 0.2257 0.0859
0.2161 -0.0584 0.2268 0.0862
0.2171 -0.0586 0.2279 0.0866
0.2182 -0.0588 0.2290 0.0869
0.2193 -0.0590 0.2300 0.0872
0.2203 -0.0592 0.2311 0.0875
0.2214 -0.0594 0.2322 0.0879
0.2224 -0.0596 0.2333 0.0882
0.2235 -0.0599 0.2344 0.0885
0.2245 -0.0601 0.2355 0.0888
0.2256 -0.0603 0.2366 0.0891
0.2267 -0.0605 0.2377 0.0895
0.2277 -0.0607 0.2388 0.0898
0.2288 -0.0609 0.2398 0.0901
0.2298 -0.0611 0.2409 0.0904
0.2309 -0.0613 0.2420 0.0907
0.2319 -0.0615 0.2431 0.0910
0.2330 -0.0617 0.2442 0.0914
0.2341 -0.0619 0.2453 0.0917
0.2351 -0.0621 0.2464 0.0920
0.2362 -0.0623 0.2474 0.0923
0.2372 -0.0625 0.2485 0.0926
0.2383 -0.0627 0.2496 0.0929
0.2393 -0.0629 0.2507 0.0932
0.2404 -0.0631 0.2518 0.0935
0.2415 -0.0633 0.2529 0.0938
0.2425 -0.0635 0.2540 0.0941
0.2436 -0.0637 0.2550 0.0944
0.2446 -0.0639 0.2561 0.0948
0.2457 -0.0641 0.2572 0.0951
0.2468 -0.0643 0.2583 0.0954
0.2478 -0.0645 0.2594 0.0957
0.2489 -0.0647 0.2605 0.0960
0.2499 -0.0649 0.2615 0.0963
0.2510 -0.0651 0.2626 0.0966
0.2521 -0.0653 0.2637 0.0968
0.2531 -0.0655 0.2648 0.0971
0.2542 -0.0656 0.2659 0.0974
0.2552 -0.0658 0.2670 0.0977
0.2563 -0.0660 0.2680 0.0980
0.2574 -0.0662 0.2691 0.0983
0.2584 -0.0664 0.2702 0.0986
0.2595 -0.0666 0.2713 0.0989
0.2605 -0.0668 0.2724 0.0992
0.2616 -0.0670 0.2734 0.0995
0.2627 -0.0672 0.2745 0.0998
0.2637 -0.0673 0.2756 0.1000
0.2648 -0.0675 0.2767 0.1003
0.2658 -0.0677 0.2778 0.1006
0.2669 -0.0679 0.2788 0.1009
0.2680 -0.0681 0.2799 0.1012
0.2690 -0.0683 0.2810 0.1015
0.2701 -0.0685 0.2821 0.1017
0.2711 -0.0686 0.2832 0.1020
0.2722 -0.0688 0.2842 0.1023
0.2733 -0.0690 0.2853 0.1026
0.2743 -0.0692 0.2864 0.1028
0.2754 -0.0694 0.2875 0.1031
0.2765 -0.0695 0.2886 0.1034
0.2775 -0.0697 0.2896 0.1037
0.2786 -0.0699 0.2907 0.1039
0.2796 -0.0701 0.2918 0.1042
0.2807 -0.0703 0.2929 0.1045
0.2818 -0.0704 0.2939 0.1047
0.2828 -0.0706 0.2950 0.1050
0.2839 -0.0708 0.2961 0.1053
0.2849 -0.0710 0.2972 0.1055
0.2860 -0.0711 0.2983 0.1058
0.2871 -0.0713 0.2993 0.1061
0.2881 -0.0715 0.3004 0.1063
0.2892 -0.0717 0.3015 0.1066
0.2903 -0.0718 0.3026 0.1068
0.2913 -0.0720 0.3036 0.1071
0.2924 -0.0722 0.3047 0.1074
0.2935 -0.0724 0.3058 0.1076
0.2945 -0.0725 0.3069 0.1079
0.2956 -0.0727 0.3079 0.1081
0.2966 -0.0729 0.3090 0.1084
0.2977 -0.0730 0.3101 0.1086
0.2988 -0.0732 0.3112 0.1089
0.2998 -0.0734 0.3122 0.1091
0.3009 -0.0735 0.3133 0.1094
0.3020 -0.0737 0.3144 0.1096
0.3030 -0.0739 0.3155 0.1099
0.3041 -0.0740 0.3165 0.1101
0.3052 -0.0742 0.3176 0.1104
0.3062 -0.0744 0.3187 0.1106
0.3073 -0.0745 0.3197 0.1108
0.3083 -0.0747 0.3208 0.1111
0.3094 -0.0749 0.3219 0.1113
0.3105 -0.0750 0.3230 0.1116
0.3115 -0.0752 0.3240 0.1118
0.3126 -0.0754 0.3251 0.1120
0.3137 -0.0755 0.3262 0.1123
0.3147 -0.0757 0.3273 0.1125
0.3158 -0.0758 0.3283 0.1127
0.3169 -0.0760 0.3294 0.1130
0.3179 -0.0762 0.3305 0.1132
0.3190 -0.0763 0.3315 0.1134
0.3201 -0.0765 0.3326 0.1137
0.3211 -0.0766 0.3337 0.1139
0.3222 -0.0768 0.3348 0.1141
0.3233 -0.0769 0.3358 0.1143
0.3243 -0.0771 0.3369 0.1146
0.3254 -0.0773 0.3380 0.1148
0.3265 -0.0774 0.3390 0.1150
0.3275 -0.0776 0.3401 0.1152
0.3286 -0.0777 0.3412 0.1155
0.3297 -0.0779 0.3422 0.1157
0.3307 -0.0780 0.3433 0.1159
0.3318 -0.0782 0.3444 0.1161
0.3329 -0.0783 0.3454 0.1163
0.3339 -0.0785 0.3465 0.1165
0.3350 -0.0786 0.3476 0.1167
0.3360 -0.0788 0.3487 0.1170
0.3371 -0.0789 0.3497 0.1172
0.3382 -0.0791 0.3508 0.1174
0.3392 -0.0792 0.3519 0.1176
0.3403 -0.0794 0.3529 0.1178
0.3414 -0.0795 0.3540 0.1180
0.3424 -0.0797 0.3551 0.1182
0.3435 -0.0798 0.3561 0.1184
0.3446 -0.0800 0.3572 0.1186
0.3457 -0.0801 0.3583 0.1188
0.3467 -0.0803 0.3593 0.1190
0.3478 -0.0804 0.3604 0.1192
0.3489 -0.0805 0.3615 0.1194
0.3499 -0.0807 0.3625 0.1196
0.3510 -0.0808 0.3636 0.1198
0.3521 -0.0810 0.3647 0.1200
0.3531 -0.0811 0.3657 0.1202
0.3542 -0.0813 0.3668 0.1204
0.3553 -0.0814 0.3679 0.1206
0.3563 -0.0815 0.3689 0.1208
0.3574 -0.0817 0.3700 0.1209
0.3585 -0.0818 0.3710 0.1211
0.3595 -0.0820 0.3721 0.1213
0.3606 -0.0821 0.3732 0.1215
0.3617 -0.0822 0.3742 0.1217
0.3627 -0.0824 0.3753 0.1219
0.3638 -0.0825 0.3764 0.1220
0.3649 -0.0826 0.3774 0.1222
0.3659 -0.0828 0.3785 0.1224
0.3670 -0.0829 0.3796 0.1226
0.3681 -0.0830 0.3806 0.1228
0.3691 -0.0832 0.3817 0.1229
0.3702 -0.0833 0.3828 0.1231
0.3713 -0.0834 0.3838 0.1233
0.3724 -0.0836 0.3849 0.1234
0.3734 -0.0837 0.3859 0.1236
0.3745 -0.0838 0.3870 0.1238
0.3756 -0.0840 0.3881 0.1240
0.3766 -0.0841 0.3891 0.1241
0.3777 -0.0842 0.3902 0.1243
0.3788 -0.0844 0.3913 0.1245
0.3798 -0.0845 0.3923 0.1246
0.3809 -0.0846 0.3934 0.1248
0.3820 -0.0847 0.3944 0.1249
0.3830 -0.0849 0.3955 0.1251
0.3841 -0.0850 0.3966 0.1253
0.3852 -0.0851 0.3976 0.1254
0.3863 -0.0853 0.3987 0.1256
0.3873 -0.0854 0.3997 0.1257
0.3884 -0.0855 0.4008 0.1259
0.3895 -0.0856 0.4019 0.1260
0.3905 -0.0857 0.4029 0.1262
0.3916 -0.0859 0.4040 0.1263
0.3927 -0.0860 0.4051 0.1265
0.3937 -0.0861 0.4061 0.1266
0.3948 -0.0862 0.4072 0.1268
0.3959 -0.0864 0.4082 0.1269
0.3970 -0.0865 0.4093 0.1270
0.3980 -0.0866 0.4104 0.1272
0.3991 -0.0867 0.4114 0.1273
0.4002 -0.0868 0.4125 0.1275
0.4012 -0.0869 0.4135 0.1276
0.4023 -0.0871 0.4146 0.1277
0.4034 -0.0872 0.4156 0.1279
0.4044 -0.0873 0.4167 0.1280
0.4055 -0.0874 0.4178 0.1281
0.4066 -0.0875 0.4188 0.1283
0.4077 -0.0876 0.4199 0.1284
0.4087 -0.0878 0.4209 0.1285
0.4098 -0.0879 0.4220 0.1287
0.4109 -0.0880 0.4231 0.1288
0.4119 -0.0881 0.4241 0.1289
0.4130 -0.0882 0.4252 0.1290
0.4141 -0.0883 0.4262 0.1292
0.4152 -0.0884 0.4273 0.1293
0.4162 -0.0885 0.4283 0.1294
0.4173 -0.0886 0.4294 0.1295
0.4184 -0.0888 0.4305 0.1296
0.4194 -0.0889 0.4315 0.1298
0.4205 -0.0890 0.4326 0.1299
0.4216 -0.0891 0.4336 0.1300
0.4227 -0.0892 0.4347 0.1301
0.4237 -0.0893 0.4357 0.1302
0.4248 -0.0894 0.4368 0.1303
0.4259 -0.0895 0.4379 0.1304
0.4269 -0.0896 0.4389 0.1305
0.4280 -0.0897 0.4400 0.1306
0.4291 -0.0898 0.4410 0.1308
0.4302 -0.0899 0.4421 0.1309
0.4312 -0.0900 0.4431 0.1310
0.4323 -0.0901 0.4442 0.1311
0.4334 -0.0902 0.4453 0.1312
0.4344 -0.0903 0.4463 0.1313
0.4355 -0.0904 0.4474 0.1314
0.4366 -0.0905 0.4484 0.1315
0.4377 -0.0906 0.4495 0.1315
0.4387 -0.0907 0.4505 0.1316
0.4398 -0.0908 0.4516 0.1317
0.4409 -0.0909 0.4526 0.1318
0.4420 -0.0910 0.4537 0.1319
0.4430 -0.0911 0.4547 0.1320
0.4441 -0.0912 0.4558 0.1321
0.4452 -0.0913 0.4569 0.1322
0.4462 -0.0914 0.4579 0.1323
0.4473 -0.0915 0.4590 0.1323
0.4484 -0.0916 0.4600 0.1324
0.4495 -0.0917 0.4611 0.1325
0.4505 -0.0918 0.4621 0.1326
0.4516 -0.0918 0.4632 0.1327
0.4527 -0.0919 0.4642 0.1327
0.4538 -0.0920 0.4653 0.1328
0.4548 -0.0921 0.4663 0.1329
0.4559 -0.0922 0.4674 0.1330
0.4570 -0.0923 0.4685 0.1330
0.4581 -0.0924 0.4695 0.1331
0.4591 -0.0925 0.4706 0.1332
0.4602 -0.0926 0.4716 0.1332
0.4613 -0.0926 0.4727 0.1333
0.4623 -0.0927 0.4737 0.1334
0.4634 -0.0928 0.4748 0.1334
0.4645 -0.0929 0.4758 0.1335
0.4656 -0.0930 0.4769 0.1336
0.4666 -0.0931 0.4779 0.1336
0.4677 -0.0931 0.4790 0.1337
0.4688 -0.0932 0.4800 0.1337
0.4699 -0.0933 0.4811 0.1338
0.4709 -0.0934 0.4821 0.1339
0.4720 -0.0935 0.4832 0.1339
0.4731 -0.0935 0.4842 0.1340
0.4742 -0.0936 0.4853 0.1340
0.4752 -0.0937 0.4863 0.1341
0.4763 -0.0938 0.4874 0.1341
0.4774 -0.0939 0.4885 0.1342
0.4785 -0.0939 0.4895 0.1342
0.4795 -0.0940 0.4906 0.1342
0.4806 -0.0941 0.4916 0.1343
0.4817 -0.0942 0.4927 0.1343
0.4828 -0.0942 0.4937 0.1344
0.4838 -0.0943 0.4948 0.1344
0.4849 -0.0944 0.4958 0.1345
0.4860 -0.0945 0.4969 0.1345
0.4871 -0.0945 0.4979 0.1345
0.4881 -0.0946 0.4990 0.1346
0.4892 -0.0947 0.5000 0.1346
0.4903 -0.0947 0.5011 0.1346
0.4914 -0.0948 0.5021 0.1347
0.4924 -0.0949 0.5032 0.1347
0.4935 -0.0949 0.5042 0.1347
0.4946 -0.0950 0.5053 0.1347
0.4957 -0.0951 0.5063 0.1348
0.4967 -0.0951 0.5074 0.1348
0.4978 -0.0952 0.5084 0.1348
0.4989 -0.0953 0.5095 0.1348
0.5000 -0.0953 0.5105 0.1348
0.5010 -0.0954 0.5116 0.1349
0.5021 -0.0955 0.5126 0.1349
0.5032 -0.0955 0.5137 0.1349
0.5043 -0.0956 0.5147 0.1349
0.5053 -0.0956 0.5158 0.1349
0.5064 -0.0957 0.5168 0.1349
0.5075 -0.0958 0.5179 0.1350
0.5086 -0.0958 0.5189 0.1350
0.5096 -0.0959 0.5200 0.1350
0.5107 -0.0959 0.5210 0.1350
0.5118 -0.0960 0.5221 0.1350
0.5129 -0.0960 0.5231 0.1350
0.5139 -0.0961 0.5242 0.1350
0.5150 -0.0962 0.5252 0.1350
0.5161 -0.0962 0.5263 0.1350
0.5172 -0.0963 0.5273 0.1350
0.5182 -0.0963 0.5283 0.1350
0.5193 -0.0964 0.5294 0.1350
0.5204 -0.0964 0.5304 0.1350
0.5215 -0.0965 0.5315 0.1350
0.5225 -0.0965 0.5325 0.1350
0.5236 -0.0966 0.5336 0.1350
0.5247 -0.0966 0.5346 0.1349
0.5258 -0.0967 0.5357 0.1349
0.5268 -0.0967 0.5367 0.1349
0.5279 -0.0968 0.5378 0.1349
0.5290 -0.0968 0.5388 0.1349
0.5301 -0.0968 0.5399 0.1349
0.5311 -0.0969 0.5409 0.1349
0.5322 -0.0969 0.5420 0.1348
0.5333 -0.0970 0.5430 0.1348
0.5344 -0.0970 0.5441 0.1348
0.5354 -0.0971 0.5451 0.1348
0.5365 -0.0971 0.5462 0.1348
0.5376 -0.0971 0.5472 0.1347
0.5387 -0.0972 0.5483 0.1347
0.5398 -0.0972 0.5493 0.1347
0.5408 -0.0973 0.5504 0.1346
0.5419 -0.0973 0.5514 0.1346
0.5430 -0.0973 0.5524 0.1346
0.5441 -0.0974 0.5535 0.1345
0.5451 -0.0974 0.5545 0.1345
0.5462 -0.0974 0.5556 0.1345
0.5473 -0.0975 0.5566 0.1344
0.5484 -0.0975 0.5577 0.1344
0.5494 -0.0975 0.5587 0.1344
0.5505 -0.0976 0.5598 0.1343
0.5516 -0.0976 0.5608 0.1343
0.5527 -0.0976 0.5619 0.1342
0.5537 -0.0977 0.5629 0.1342
0.5548 -0.0977 0.5640 0.1341
0.5559 -0.0977 0.5650 0.1341
0.5570 -0.0978 0.5661 0.1340
0.5581 -0.0978 0.5671 0.1340
0.5591 -0.0978 0.5681 0.1339
0.5602 -0.0978 0.5692 0.1339
0.5613 -0.0979 0.5702 0.1338
0.5624 -0.0979 0.5713 0.1338
0.5634 -0.0979 0.5723 0.1337
0.5645 -0.0979 0.5734 0.1337
0.5656 -0.0980 0.5744 0.1336
0.5667 -0.0980 0.5755 0.1336
0.5677 -0.0980 0.5765 0.1335
0.5688 -0.0980 0.5776 0.1334
0.5699 -0.0980 0.5786 0.1334
0.5710 -0.0980 0.5796 0.1333
0.5721 -0.0981 0.5807 0.1332
0.5731 -0.0981 0.5817 0.1332
0.5742 -0.0981 0.5828 0.1331
0.5753 -0.0981 0.5838 0.1330
0.5764 -0.0981 0.5849 0.1330
0.5774 -0.0981 0.5859 0.1329
0.5785 -0.0982 0.5870 0.1328
0.5796 -0.0982 0.5880 0.1327
0.5807 -0.0982 0.5891 0.1327
0.5817 -0.0982 0.5901 0.1326
0.5828 -0.0982 0.5911 0.1325
0.5839 -0.0982 0.5922 0.1324
0.5850 -0.0982 0.5932 0.1323
0.5861 -0.0982 0.5943 0.1322
0.5871 -0.0982 0.5953 0.1322
0.5882 -0.0982 0.5964 0.1321
0.5893 -0.0982 0.5974 0.1320
0.5904 -0.0983 0.5985 0.1319
0.5914 -0.0983 0.5995 0.1318
0.5925 -0.0983 0.6005 0.1317
0.5936 -0.0983 0.6016 0.1316
0.5947 -0.0983 0.6026 0.1315
0.5957 -0.0983 0.6037 0.1314
0.5968 -0.0983 0.6047 0.1313
0.5979 -0.0983 0.6058 0.1313
0.5990 -0.0983 0.6068 0.1312
0.6001 -0.0983 0.6079 0.1311
0.6011 -0.0983 0.6089 0.1310
0.6022 -0.0982 0.6099 0.1309
0.6033 -0.0982 0.6110 0.1307
0.6044 -0.0982 0.6120 0.1306
0.6054 -0.0982 0.6131 0.1305
0.6065 -0.0982 0.6141 0.1304
0.6076 -0.0982 0.6152 0.1303
0.6087 -0.0982 0.6162 0.1302
0.6097 -0.0982 0.6172 0.1301
0.6108 -0.0982 0.6183 0.1300
0.6119 -0.0982 0.6193 0.1299
0.6130 -0.0982 0.6204 0.1298
0.6141 -0.0982 0.6214 0.1296
0.6151 -0.0981 0.6225 0.1295
0.6162 -0.0981 0.6235 0.1294
0.6173 -0.0981 0.6245 0.1293
0.6184 -0.0981 0.6256 0.1292
0.6194 -0.0981 0.6266 0.1290
0.6205 -0.0981 0.6277 0.1289
0.6216 -0.0980 0.6287 0.1288
0.6227 -0.0980 0.6298 0.1287
0.6237 -0.0980 0.6308 0.1285
0.6248 -0.0980 0.6319 0.1284
0.6259 -0.0980 0.6329 0.1283
0.6270 -0.0979 0.6339 0.1282
0.6281 -0.0979 0.6350 0.1280
0.6291 -0.0979 0.6360 0.1279
0.6302 -0.0979 0.6371 0.1278
0.6313 -0.0978 0.6381 0.1276
0.6324 -0.0978 0.6392 0.1275
0.6334 -0.0978 0.6402 0.1274
0.6345 -0.0978 0.6412 0.1272
0.6356 -0.0977 0.6423 0.1271
0.6367 -0.0977 0.6433 0.1269
0.6377 -0.0977 0.6444 0.1268
0.6388 -0.0976 0.6454 0.1266
0.6399 -0.0976 0.6465 0.1265
0.6410 -0.0976 0.6475 0.1264
0.6420 -0.0975 0.6485 0.1262
0.6431 -0.0975 0.6496 0.1261
0.6442 -0.0975 0.6506 0.1259
0.6453 -0.0974 0.6517 0.1258
0.6464 -0.0974 0.6527 0.1256
0.6474 -0.0973 0.6538 0.1255
0.6485 -0.0973 0.6548 0.1253
0.6496 -0.0973 0.6558 0.1251
0.6507 -0.0972 0.6569 0.1250
0.6517 -0.0972 0.6579 0.1248
0.6528 -0.0971 0.6590 0.1247
0.6539 -0.0971 0.6600 0.1245
0.6550 -0.0970 0.6610 0.1243
0.6560 -0.0970 0.6621 0.1242
0.6571 -0.0969 0.6631 0.1240
0.6582 -0.0969 0.6642 0.1239
0.6593 -0.0969 0.6652 0.1237
0.6603 -0.0968 0.6663 0.1235
0.6614 -0.0968 0.6673 0.1233
0.6625 -0.0967 0.6683 0.1232
0.6636 -0.0966 0.6694 0.1230
0.6646 -0.0966 0.6704 0.1228
0.6657 -0.0965 0.6715 0.1227
0.6668 -0.0965 0.6725 0.1225
0.6679 -0.0964 0.6736 0.1223
0.6689 -0.0964 0.6746 0.1221
0.6700 -0.0963 0.6756 0.1220
0.6711 -0.0963 0.6767 0.1218
0.6722 -0.0962 0.6777 0.1216
0.6732 -0.0961 0.6788 0.1214
0.6743 -0.0961 0.6798 0.1212
0.6754 -0.0960 0.6809 0.1210
0.6765 -0.0959 0.6819 0.1209
0.6775 -0.0959 0.6829 0.1207
0.6786 -0.0958 0.6840 0.1205
0.6797 -0.0958 0.6850 0.1203
0.6808 -0.0957 0.6861 0.1201
0.6818 -0.0956 0.6871 0.1199
0.6829 -0.0955 0.6881 0.1197
0.6840 -0.0955 0.6892 0.1195
0.6851 -0.0954 0.6902 0.1193
0.6861 -0.0953 0.6913 0.1191
0.6872 -0.0953 0.6923 0.1190
0.6883 -0.0952 0.6934 0.1188
0.6894 -0.0951 0.6944 0.1186
0.6904 -0.0950 0.6954 0.1184
0.6915 -0.0950 0.6965 0.1182
0.6926 -0.0949 0.6975 0.1180
0.6937 -0.0948 0.6986 0.1177
0.6947 -0.0947 0.6996 0.1175
0.6958 -0.0946 0.7007 0.1173
0.6969 -0.0946 0.7017 0.1171
0.6980 -0.0945 0.7027 0.1169
0.6990 -0.0944 0.7038 0.1167
0.7001 -0.0943 0.7048 0.1165
0.7012 -0.0942 0.7059 0.1163
0.7023 -0.0941 0.7069 0.1161
0.7033 -0.0941 0.7080 0.1159
0.7044 -0.0940 0.7090 0.1157
0.7055 -0.0939 0.7101 0.1154
0.7066 -0.0938 0.7111 0.1152
0.7076 -0.0937 0.7121 0.1150
0.7087 -0.0936 0.7132 0.1148
0.7098 -0.0935 0.7142 0.1146
0.7108 -0.0934 0.7153 0.1143
0.7119 -0.0933 0.7163 0.1141
0.7130 -0.0932 0.7174 0.1139
0.7141 -0.0931 0.7184 0.1137
0.7151 -0.0930 0.7194 0.1135
0.7162 -0.0929 0.7205 0.1132
0.7173 -0.0928 0.7215 0.1130
0.7184 -0.0927 0.7226 0.1128
0.7194 -0.0926 0.7236 0.1125
0.7205 -0.0925 0.7247 0.1123
0.7216 -0.0924 0.7257 0.1121
0.7226 -0.0923 0.7267 0.1119
0.7237 -0.0922 0.7278 0.1116
0.7248 -0.0921 0.7288 0.1114
0.7259 -0.0920 0.7299 0.1112
0.7269 -0.0919 0.7309 0.1109
0.7280 -0.0918 0.7320 0.1107
0.7291 -0.0917 0.7330 0.1104
0.7301 -0.0916 0.7340 0.1102
0.7312 -0.0914 0.7351 0.1100
0.7323 -0.0913 0.7361 0.1097
0.7334 -0.0912 0.7372 0.1095
0.7344 -0.0911 0.7382 0.1092
0.7355 -0.0910 0.7393 0.1090
0.7366 -0.0909 0.7403 0.1087
0.7376 -0.0907 0.7413 0.1085
0.7387 -0.0906 0.7424 0.1082
0.7398 -0.0905 0.7434 0.1080
0.7408 -0.0904 0.7445 0.1077
0.7419 -0.0903 0.7455 0.1075
0.7430 -0.0901 0.7466 0.1072
0.7441 -0.0900 0.7476 0.1070
0.7451 -0.0899 0.7487 0.1067
0.7462 -0.0898 0.7497 0.1065
0.7473 -0.0896 0.7507 0.1062
0.7483 -0.0895 0.7518 0.1060
0.7494 -0.0894 0.7528 0.1057
0.7505 -0.0892 0.7539 0.1055
0.7515 -0.0891 0.7549 0.1052
0.7526 -0.0890 0.7560 0.1049
0.7537 -0.0888 0.7570 0.1047
0.7547 -0.0887 0.7580 0.1044
0.7558 -0.0886 0.7591 0.1041
0.7569 -0.0884 0.7601 0.1039
0.7579 -0.0883 0.7612 0.1036
0.7590 -0.0881 0.7622 0.1034
0.7601 -0.0880 0.7633 0.1031
0.7612 -0.0879 0.7643 0.1028
0.7622 -0.0877 0.7653 0.1026
0.7633 -0.0876 0.7664 0.1023
0.7644 -0.0874 0.7674 0.1020
0.7654 -0.0873 0.7685 0.1017
0.7665 -0.0871 0.7695 0.1015
0.7676 -0.0870 0.7706 0.1012
0.7686 -0.0868 0.7716 0.1009
0.7697 -0.0867 0.7726 0.1006
0.7708 -0.0865 0.7737 0.1004
0.7718 -0.0864 0.7747 0.1001
0.7729 -0.0862 0.7758 0.0998
0.7740 -0.0861 0.7768 0.0995
0.7750 -0.0859 0.7779 0.0993
0.7761 -0.0857 0.7789 0.0990
0.7771 -0.0856 0.7800 0.0987
0.7782 -0.0854 0.7810 0.0984
0.7793 -0.0853 0.7820 0.0981
0.7803 -0.0851 0.7831 0.0978
0.7814 -0.0849 0.7841 0.0976
0.7825 -0.0848 0.7852 0.0973
0.7835 -0.0846 0.7862 0.0970
0.7846 -0.0844 0.7873 0.0967
0.7857 -0.0843 0.7883 0.0964
0.7867 -0.0841 0.7893 0.0961
0.7878 -0.0839 0.7904 0.0958
0.7889 -0.0838 0.7914 0.0955
0.7899 -0.0836 0.7925 0.0952
0.7910 -0.0834 0.7935 0.0949
0.7920 -0.0832 0.7946 0.0947
0.7931 -0.0831 0.7956 0.0944
0.7942 -0.0829 0.7966 0.0941
0.7952 -0.0827 0.7977 0.0938
0.7963 -0.0825 0.7987 0.0935
0.7974 -0.0824 0.7998 0.0932
0.7984 -0.0822 0.8008 0.0929
0.7995 -0.0820 0.8019 0.0926
0.8005 -0.0818 0.8029 0.0923
0.8016 -0.0816 0.8039 0.0920
0.8027 -0.0814 0.8050 0.0917
0.8037 -0.0813 0.8060 0.0914
0.8048 -0.0811 0.8071 0.0911
0.8058 -0.0809 0.8081 0.0908
0.8069 -0.0807 0.8092 0.0905
0.8080 -0.0805 0.8102 0.0901
0.8090 -0.0803 0.8113 0.0898
0.8101 -0.0801 0.8123 0.0895
0.8111 -0.0799 0.8133 0.0892
0.8122 -0.0797 0.8144 0.0889
0.8133 -0.0795 0.8154 0.0886
0.8143 -0.0793 0.8165 0.0883
0.8154 -0.0791 0.8175 0.0880
0.8164 -0.0789 0.8186 0.0877
0.8175 -0.0787 0.8196 0.0874
0.8185 -0.0785 0.8206 0.0870
0.8196 -0.0783 0.8217 0.0867
0.8207 -0.0781 0.8227 0.0864
0.8217 -0.0779 0.8238 0.0861
0.8228 -0.0777 0.8248 0.0858
0.8238 -0.0775 0.8258 0.0855
0.8249 -0.0773 0.8269 0.0851
0.8259 -0.0771 0.8279 0.0848
0.8270 -0.0768 0.8290 0.0845
0.8281 -0.0766 0.8300 0.0842
0.8291 -0.0764 0.8311 0.0839
0.8302 -0.0762 0.8321 0.0835
0.8312 -0.0760 0.8331 0.0832
0.8323 -0.0758 0.8342 0.0829
0.8333 -0.0755 0.8352 0.0826
0.8344 -0.0753 0.8363 0.0822
0.8354 -0.0751 0.8373 0.0819
0.8365 -0.0749 0.8384 0.0816
0.8375 -0.0746 0.8394 0.0813
0.8386 -0.0744 0.8404 0.0809
0.8396 -0.0742 0.8415 0.0806
0.8407 -0.0740 0.8425 0.0803
0.8418 -0.0737 0.8436 0.0800
0.8428 -0.0735 0.8446 0.0796
0.8439 -0.0733 0.8456 0.0793
0.8449 -0.0730 0.8467 0.0790
0.8460 -0.0728 0.8477 0.0786
0.8470 -0.0726 0.8488 0.0783
0.8481 -0.0723 0.8498 0.0780
0.8491 -0.0721 0.8508 0.0776
0.8502 -0.0719 0.8519 0.0773
0.8512 -0.0716 0.8529 0.0770
0.8523 -0.0714 0.8540 0.0766
0.8533 -0.0711 0.8550 0.0763
0.8544 -0.0709 0.8560 0.0760
0.8554 -0.0706 0.8571 0.0756
0.8565 -0.0704 0.8581 0.0753
0.8575 -0.0702 0.8592 0.0749
0.8586 -0.0699 0.8602 0.0746
0.8596 -0.0697 0.8612 0.0743
0.8606 -0.0694 0.8623 0.0739
0.8617 -0.0691 0.8633 0.0736
0.8627 -0.0689 0.8644 0.0732
0.8638 -0.0686 0.8654 0.0729
0.8648 -0.0684 0.8664 0.0725
0.8659 -0.0681 0.8675 0.0722
0.8669 -0.0679 0.8685 0.0719
0.8680 -0.0676 0.8696 0.0715
0.8690 -0.0673 0.8706 0.0712
0.8701 -0.0671 0.8716 0.0708
0.8711 -0.0668 0.8727 0.0705
0.8721 -0.0666 0.8737 0.0701
0.8732 -0.0663 0.8747 0.0698
0.8742 -0.0660 0.8758 0.0694
0.8753 -0.0658 0.8768 0.0691
0.8763 -0.0655 0.8779 0.0687
0.8774 -0.0652 0.8789 0.0684
0.8784 -0.0649 0.8799 0.0680
0.8794 -0.0647 0.8810 0.0677
0.8805 -0.0644 0.8820 0.0673
0.8815 -0.0641 0.8830 0.0670
0.8826 -0.0638 0.8841 0.0666
0.8836 -0.0636 0.8851 0.0662
0.8846 -0.0633 0.8861 0.0659
0.8857 -0.0630 0.8872 0.0655
0.8867 -0.0627 0.8882 0.0652
0.8878 -0.0624 0.8892 0.0648
0.8888 -0.0621 0.8903 0.0645
0.8898 -0.0619 0.8913 0.0641
0.8909 -0.0616 0.8923 0.0637
0.8919 -0.0613 0.8934 0.0634
0.8930 -0.0610 0.8944 0.0630
0.8940 -0.0607 0.8954 0.0627
0.8950 -0.0604 0.8965 0.0623
0.8961 -0.0601 0.8975 0.0619
0.8971 -0.0598 0.8985 0.0616
0.8981 -0.0595 0.8996 0.0612
0.8992 -0.0592 0.9006 0.0609
0.9002 -0.0589 0.9016 0.0605
0.9012 -0.0586 0.9027 0.0601
0.9023 -0.0583 0.9037 0.0598
0.9033 -0.0580 0.9047 0.0594
0.9043 -0.0577 0.9058 0.0590
0.9054 -0.0574 0.9068 0.0587
0.9064 -0.0571 0.9078 0.0583
0.9074 -0.0568 0.9089 0.0579
0.9085 -0.0565 0.9099 0.0576
0.9095 -0.0562 0.9109 0.0572
0.9105 -0.0559 0.9119 0.0568
0.9116 -0.0556 0.9130 0.0565
0.9126 -0.0552 0.9140 0.0561
0.9136 -0.0549 0.9150 0.0557
0.9147 -0.0546 0.9160 0.0554
0.9157 -0.0543 0.9171 0.0550
0.9167 -0.0540 0.9181 0.0546
0.9177 -0.0537 0.9191 0.0542
0.9188 -0.0533 0.9202 0.0539
0.9198 -0.0530 0.9212 0.0535
0.9208 -0.0527 0.9222 0.0531
0.9218 -0.0524 0.9232 0.0527
0.9229 -0.0520 0.9243 0.0524
0.9239 -0.0517 0.9253 0.0520
0.9249 -0.0514 0.9263 0.0516
0.9260 -0.0511 0.9273 0.0512
0.9270 -0.0507 0.9283 0.0509
0.9280 -0.0504 0.9294 0.0505
0.9290 -0.0501 0.9304 0.0501
0.9300 -0.0497 0.9314 0.0497
0.9311 -0.0494 0.9324 0.0493
0.9321 -0.0490 0.9335 0.0490
0.9331 -0.0487 0.9345 0.0486
0.9341 -0.0484 0.9355 0.0482
0.9352 -0.0480 0.9365 0.0478
0.9362 -0.0477 0.9375 0.0474
0.9372 -0.0473 0.9385 0.0471
0.9382 -0.0470 0.9396 0.0467
0.9392 -0.0466 0.9406 0.0463
0.9403 -0.0463 0.9416 0.0459
0.9413 -0.0459 0.9426 0.0455
0.9423 -0.0456 0.9436 0.0451
0.9433 -0.0452 0.9446 0.0447
0.9443 -0.0449 0.9457 0.0444
0.9453 -0.0445 0.9467 0.0440
0.9464 -0.0442 0.9477 0.0436
0.9474 -0.0438 0.9487 0.0432
0.9484 -0.0435 0.9497 0.0428
0.9494 -0.0431 0.9507 0.0424
0.9504 -0.0427 0.9517 0.0420
0.9514 -0.0424 0.9528 0.0416
0.9525 -0.0420 0.9538 0.0412
0.9535 -0.0417 0.9548 0.0409
0.9545 -0.0413 0.9558 0.0405
0.9555 -0.0409 0.9568 0.0401
0.9565 -0.0406 0.9578 0.0397
0.9575 -0.0402 0.9588 0.0393
0.9585 -0.0398 0.9598 0.0389
0.9595 -0.0394 0.9608 0.0385
0.9606 -0.0391 0.9618 0.0381
0.9616 -0.0387 0.9628 0.0377
0.9626 -0.0383 0.9638 0.0373
0.9636 -0.0379 0.9648 0.0369
0.9646 -0.0376 0.9659 0.0365
0.9656 -0.0372 0.9669 0.0361
0.9666 -0.0368 0.9679 0.0357
0.9676 -0.0364 0.9689 0.0353
0.9686 -0.0360 0.9699 0.0349
0.9696 -0.0357 0.9709 0.0345
0.9706 -0.0353 0.9719 0.0341
0.9716 -0.0349 0.9729 0.0337
0.9726 -0.0345 0.9739 0.0333
0.9736 -0.0341 0.9749 0.0329
0.9746 -0.0337 0.9759 0.0325
0.9757 -0.0333 0.9769 0.0321
0.9767 -0.0329 0.9778 0.0317
0.9777 -0.0325 0.9788 0.0313
0.9787 -0.0321 0.9798 0.0309
0.9797 -0.0318 0.9808 0.0305
0.9807 -0.0314 0.9818 0.0301
0.9817 -0.0310 0.9828 0.0297
0.9827 -0.0306 0.9838 0.0292
0.9837 -0.0302 0.9848 0.0288
0.9847 -0.0298 0.9858 0.0284
0.9857 -0.0294 0.9868 0.0280
0.9867 -0.0289 0.9878 0.0276
0.9877 -0.0285 0.9888 0.0272
0.9887 -0.0281 0.9897 0.0268
0.9896 -0.0277 0.9907 0.0264
0.9906 -0.0273 0.9917 0.0260
0.9916 -0.0269 0.9927 0.0255
0.9926 -0.0265 0.9937 0.0251
0.9936 -0.0261 0.9947 0.0247
0.9946 -0.0257 0.9956 0.0243
0.9956 -0.0253 0.9966 0.0239
0.9966 -0.0248 0.9976 0.0235
0.9976 -0.0244 0.9986 0.0230
0.9986 -0.0240 0.9996 0.0226
0.9996 -0.0236 1.0005 0.0222
1.0006 -0.0232 1.0015 0.0218
1.0016 -0.0227 1.0025 0.0214
1.0026 -0.0223 1.0035 0.0209
1.0036 -0.0219 1.0044 0.0205
1.0045 -0.0215 1.0054 0.0201
1.0055 -0.0210 1.0064 0.0197
1.0065 -0.0206 1.0074 0.0192
1.0075 -0.0202 1.0083 0.0188
1.0085 -0.0198 1.0093 0.0184
1.0095 -0.0193 1.0103 0.0179
1.0105 -0.0189 1.0112 0.0175
1.0115 -0.0185 1.0122 0.0171
1.0124 -0.0180 1.0132 0.0167
1.0134 -0.0176 1.0141 0.0162
1.0144 -0.0172 1.0151 0.0158
1.0154 -0.0167 1.0161 0.0154
1.0164 -0.0163 1.0170 0.0149
1.0174 -0.0158 1.0180 0.0145
1.0183 -0.0154 1.0189 0.0141
1.0193 -0.0150 1.0199 0.0136
1.0203 -0.0145 1.0209 0.0132
1.0213 -0.0141 1.0218 0.0128
1.0223 -0.0136 1.0228 0.0123
1.0233 -0.0132 1.0237 0.0119
1.0242 -0.0127 1.0247 0.0114
1.0252 -0.0123 1.0256 0.0110
1.0262 -0.0118 1.0266 0.0106
1.0272 -0.0114 1.0275 0.0101
1.0281 -0.0109 1.0285 0.0097
1.0291 -0.0105 1.0294 0.0092
1.0301 -0.0100 1.0304 0.0088
1.0311 -0.0096 1.0313 0.0083
1.0321 -0.0091 1.0323 0.0079
1.0330 -0.0087 1.0332 0.0074
1.0340 -0.0082 1.0341 0.0070
1.0350 -0.0078 1.0351 0.0066
1.0360 -0.0073 1.0360 0.0061
1.0369 -0.0069 1.0369 0.0057
1.0379 -0.0064 1.0379 0.0052
1.0389 -0.0059 1.0388 0.0048
1.0399 -0.0055 1.0397 0.0043
1.0408 -0.0050 1.0407 0.0039
1.0418 -0.0046 1.0416 0.0034
1.0428 -0.0041 1.0425 0.0030
1.0438 -0.0036 1.0434 0.0025
1.0447 -0.0032 1.0443 0.0021
1.0457 -0.0027 1.0452 0.0017
1.0467 -0.0023 1.0461 0.0013
1.0477 -0.0018 1.0470 0.0010
1.0486 -0.0014 1.0478 0.0007
1.0496 -0.0009 1.0485 0.0006
1.0506 -0.0004 1.0491 0.0008
1.0516 -0.0000 1.0498 0.0016
1.0516 -0.0000 1.0516 -0.0000
