0.0000 0.0000 0.0000 0.0000
0.0009 -0.0005 0.0011 0.0004
0.0019 -0.0011 0.0022 0.0008
0.0028 -0.0016 0.0033 0.0012
0.0037 -0.0022 0.0044 0.0016
0.0047 -0.0027 0.0055 0.0020
0.0056 -0.0032 0.0065 0.0024
0.0065 -0.0038 0.0076 0.0028
0.0074 -0.0043 0.0087 0.0032
0.0084 -0.0049 0.0098 0.0036
0.0093 -0.0054 0.0109 0.0040
0.0102 -0.0059 0.0120 0.0044
0.0112 -0.0065 0.0131 0.0047
0.0121 -0.0070 0.0142 0.0051
0.0130 -0.0076 0.0152 0.0055
0.0140 -0.0081 0.0163 0.0059
0.0149 -0.0086 0.0174 0.0063
0.0158 -0.0092 0.0185 0.0067
0.0168 -0.0097 0.0196 0.0071
0.0177 -0.0102 0.0207 0.0075
0.0187 -0.0108 0.0217 0.0079
0.0196 -0.0113 0.0228 0.0083
0.0205 -0.0118 0.0239 0.0087
0.0215 -0.0124 0.0250 0.0091
0.0224 -0.0129 0.0261 0.0095
0.0233 -0.0134 0.0271 0.0099
0.0243 -0.0140 0.0282 0.0103
0.0252 -0.0145 0.0293 0.0107
0.0261 -0.0150 0.0304 0.0111
0.0271 -0.0156 0.0314 0.0115
0.0280 -0.0161 0.0325 0.0119
0.0290 -0.0166 0.0336 0.0123
0.0299 -0.0172 0.0347 0.0127
0.0308 -0.0177 0.0357 0.0131
0.0318 -0.0182 0.0368 0.0135
0.0327 -0.0187 0.0379 0.0139
0.0336 -0.0193 0.0389 0.0143
0.0346 -0.0198 0.0400 0.0147
0.0355 -0.0203 0.0411 0.0151
0.0365 -0.0208 0.0421 0.0155
0.0374 -0.0214 0.0432 0.0159
0.0383 -0.0219 0.0443 0.0163
0.0393 -0.0224 0.0453 0.0167
0.0402 -0.0229 0.0464 0.0171
0.0412 -0.0235 0.0475 0.0175
0.0421 -0.0240 0.0485 0.0179
0.0430 -0.0245 0.0496 0.0183
0.0440 -0.0250 0.0507 0.0187
0.0449 -0.0256 0.0517 0.0191
0.0459 -0.0261 0.0528 0.0195
0.0468 -0.0266 0.0539 0.0199
0.0478 -0.0271 0.0549 0.0203
0.0487 -0.0276 0.0560 0.0207
0.0497 -0.0282 0.0570 0.0211
0.0506 -0.0287 0.0581 0.0215
0.0515 -0.0292 0.0592 0.0219
0.0525 -0.0297 0.0602 0.0223
0.0534 -0.0302 0.0613 0.0227
0.0544 -0.0307 0.0623 0.0231
0.0553 -0.0313 0.0634 0.0235
0.0563 -0.0318 0.0644 0.0239
0.0572 -0.0323 0.0655 0.0243
0.0582 -0.0328 0.0666 0.0247
0.0591 -0.0333 0.0676 0.0251
0.0601 -0.0338 0.0687 0.0255
0.0610 -0.0343 0.0697 0.0259
0.0619 -0.0349 0.0708 0.0263
0.0629 -0.0354 0.0718 0.0267
0.0638 -0.0359 0.0729 0.0271
0.0648 -0.0364 0.0739 0.0275
0.0657 -0.0369 0.0750 0.0279
0.0667 -0.0374 0.0760 0.0283
0.0676 -0.0379 0.0771 0.0287
0.0686 -0.0384 0.0781 0.0291
0.0695 -0.0389 0.0792 0.0295
0.0705 -0.0394 0.0802 0.0298
0.0714 -0.0399 0.0813 0.0302
0.0724 -0.0404 0.0823 0.0306
0.0733 -0.0409 0.0834 0.0310
0.0743 -0.0414 0.0844 0.0314
0.0752 -0.0420 0.0854 0.0318
0.0762 -0.0425 0.0865 0.0322
0.0772 -0.0430 0.0875 0.0326
0.0781 -0.0435 0.0886 0.0330
0.0791 -0.0440 0.0896 0.0334
0.0800 -0.0445 0.0907 0.0338
0.0810 -0.0450 0.0917 0.0342
0.0819 -0.0455 0.0928 0.0346
0.0829 -0.0460 0.0938 0.0350
0.0838 -0.0465 0.0948 0.0354
0.0848 -0.0470 0.0959 0.0358
0.0857 -0.0474 0.0969 0.0362
0.0867 -0.0479 0.0980 0.0365
0.0877 -0.0484 0.0990 0.0369
0.0886 -0.0489 0.1000 0.0373
0.0896 -0.0494 0.1011 0.0377
0.0905 -0.0499 0.1021 0.0381
0.0915 -0.0504 0.1031 0.0385
0.0924 -0.0509 0.1042 0.0389
0.0934 -0.0514 0.1052 0.0393
0.0944 -0.0519 0.1063 0.0397
0.0953 -0.0524 0.1073 0.0401
0.0963 -0.0529 0.1083 0.0404
0.0972 -0.0534 0.1094 0.0408
0.0982 -0.0538 0.1104 0.0412
0.0992 -0.0543 0.1114 0.0416
0.1001 -0.0548 0.1125 0.0420
0.1011 -0.0553 0.1135 0.0424
0.1020 -0.0558 0.1145 0.0428
0.1030 -0.0563 0.1156 0.0432
0.1040 -0.0567 0.1166 0.0435
0.1049 -0.0572 0.1176 0.0439
0.1059 -0.0577 0.1186 0.0443
0.1069 -0.0582 0.1197 0.0447
0.1078 -0.0587 0.1207 0.0451
0.1088 -0.0592 0.1217 0.0455
0.1098 -0.0596 0.1228 0.0458
0.1107 -0.0601 0.1238 0.0462
0.1117 -0.0606 0.1248 0.0466
0.1126 -0.0611 0.1259 0.0470
0.1136 -0.0615 0.1269 0.0474
0.1146 -0.0620 0.1279 0.0478
0.1155 -0.0625 0.1289 0.0481
0.1165 -0.0630 0.1300 0.0485
0.1175 -0.0634 0.1310 0.0489
0.1184 -0.0639 0.1320 0.0493
0.1194 -0.0644 0.1330 0.0496
0.1204 -0.0649 0.1341 0.0500
0.1214 -0.0653 0.1351 0.0504
0.1223 -0.0658 0.1361 0.0508
0.1233 -0.0663 0.1371 0.0512
0.1243 -0.0667 0.1382 0.0515
0.1252 -0.0672 0.1392 0.0519
0.1262 -0.0677 0.1402 0.0523
0.1272 -0.0681 0.1412 0.0527
0.1281 -0.0686 0.1423 0.0530
0.1291 -0.0691 0.1433 0.0534
0.1301 -0.0695 0.1443 0.0538
0.1311 -0.0700 0.1453 0.0541
0.1320 -0.0704 0.1463 0.0545
0.1330 -0.0709 0.1474 0.0549
0.1340 -0.0714 0.1484 0.0552
0.1350 -0.0718 0.1494 0.0556
0.1359 -0.0723 0.1504 0.0560
0.1369 -0.0727 0.1515 0.0564
0.1379 -0.0732 0.1525 0.0567
0.1389 -0.0737 0.1535 0.0571
0.1398 -0.0741 0.1545 0.0574
0.1408 -0.0746 0.1555 0.0578
0.1418 -0.0750 0.1565 0.0582
0.1428 -0.0755 0.1576 0.0585
0.1437 -0.0759 0.1586 0.0589
0.1447 -0.0764 0.1596 0.0593
0.1457 -0.0768 0.1606 0.0596
0.1467 -0.0773 0.1616 0.0600
0.1477 -0.0777 0.1627 0.0603
0.1486 -0.0782 0.1637 0.0607
0.1496 -0.0786 0.1647 0.0611
0.1506 -0.0791 0.1657 0.0614
0.1516 -0.0795 0.1667 0.0618
0.1526 -0.0800 0.1677 0.0621
0.1535 -0.0804 0.1688 0.0625
0.1545 -0.0808 0.1698 0.0628
0.1555 -0.0813 0.1708 0.0632
0.1565 -0.0817 0.1718 0.0636
0.1575 -0.0822 0.1728 0.0639
0.1585 -0.0826 0.1738 0.0643
0.1594 -0.0830 0.1748 0.0646
0.1604 -0.0835 0.1759 0.0650
0.1614 -0.0839 0.1769 0.0653
0.1624 -0.0843 0.1779 0.0657
0.1634 -0.0848 0.1789 0.0660
0.1644 -0.0852 0.1799 0.0663
0.1654 -0.0856 0.1809 0.0667
0.1663 -0.0861 0.1819 0.0670
0.1673 -0.0865 0.1830 0.0674
0.1683 -0.0869 0.1840 0.0677
0.1693 -0.0874 0.1850 0.0681
0.1703 -0.0878 0.1860 0.0684
0.1713 -0.0882 0.1870 0.0687
0.1723 -0.0886 0.1880 0.0691
0.1733 -0.0891 0.1890 0.0694
0.1742 -0.0895 0.1900 0.0698
0.1752 -0.0899 0.1910 0.0701
0.1762 -0.0903 0.1921 0.0704
0.1772 -0.0908 0.1931 0.0708
0.1782 -0.0912 0.1941 0.0711
0.1792 -0.0916 0.1951 0.0714
0.1802 -0.0920 0.1961 0.0718
0.1812 -0.0924 0.1971 0.0721
0.1822 -0.0929 0.1981 0.0724
0.1832 -0.0933 0.1991 0.0728
0.1842 -0.0937 0.2001 0.0731
0.1852 -0.0941 0.2011 0.0734
0.1862 -0.0945 0.2022 0.0738
0.1871 -0.0949 0.2032 0.0741
0.1881 -0.0953 0.2042 0.0744
0.1891 -0.0958 0.2052 0.0747
0.1901 -0.0962 0.2062 0.0751
0.1911 -0.0966 0.2072 0.0754
0.1921 -0.0970 0.2082 0.0757
0.1931 -0.0974 0.2092 0.0760
0.1941 -0.0978 0.2102 0.0763
0.1951 -0.0982 0.2112 0.0767
0.1961 -0.0986 0.2122 0.0770
0.1971 -0.0990 0.2133 0.0773
0.1981 -0.0994 0.2143 0.0776
0.1991 -0.0998 0.2153 0.0779
0.2001 -0.1002 0.2163 0.0782
0.2011 -0.1006 0.2173 0.0785
0.2021 -0.1010 0.2183 0.0789
0.2031 -0.1014 0.2193 0.0792
0.2041 -0.1018 0.2203 0.0795
0.2051 -0.1022 0.2213 0.0798
0.2061 -0.1026 0.2223 0.0801
0.2071 -0.1030 0.2233 0.0804
0.2081 -0.1034 0.2243 0.0807
0.2091 -0.1037 0.2253 0.0810
0.2101 -0.1041 0.2263 0.0813
0.2112 -0.1045 0.2273 0.0816
0.2122 -0.1049 0.2284 0.0819
0.2132 -0.1053 0.2294 0.0822
0.2142 -0.1057 0.2304 0.0825
0.2152 -0.1061 0.2314 0.0828
0.2162 -0.1064 0.2324 0.0831
0.2172 -0.1068 0.2334 0.0834
0.2182 -0.1072 0.2344 0.0837
0.2192 -0.1076 0.2354 0.0840
0.2202 -0.1080 0.2364 0.0843
0.2212 -0.1083 0.2374 0.0846
0.2222 -0.1087 0.2384 0.0848
0.2232 -0.1091 0.2394 0.0851
0.2242 -0.1095 0.2404 0.0854
0.2253 -0.1098 0.2414 0.0857
0.2263 -0.1102 0.2424 0.0860
0.2273 -0.1106 0.2434 0.0863
0.2283 -0.1110 0.2444 0.0866
0.2293 -0.1113 0.2454 0.0868
0.2303 -0.1117 0.2464 0.0871
0.2313 -0.1121 0.2474 0.0874
0.2323 -0.1124 0.2485 0.0877
0.2334 -0.1128 0.2495 0.0879
0.2344 -0.1132 0.2505 0.0882
0.2354 -0.1135 0.2515 0.0885
0.2364 -0.1139 0.2525 0.0888
0.2374 -0.1142 0.2535 0.0890
0.2384 -0.1146 0.2545 0.0893
0.2394 -0.1149 0.2555 0.0896
0.2405 -0.1153 0.2565 0.0898
0.2415 -0.1157 0.2575 0.0901
0.2425 -0.1160 0.2585 0.0904
0.2435 -0.1164 0.2595 0.0906
0.2445 -0.1167 0.2605 0.0909
0.2455 -0.1171 0.2615 0.0912
0.2466 -0.1174 0.2625 0.0914
0.2476 -0.1178 0.2635 0.0917
0.2486 -0.1181 0.2645 0.0919
0.2496 -0.1185 0.2655 0.0922
0.2506 -0.1188 0.2665 0.0924
0.2517 -0.1192 0.2675 0.0927
0.2527 -0.1195 0.2685 0.0930
0.2537 -0.1198 0.2695 0.0932
0.2547 -0.1202 0.2705 0.0935
0.2558 -0.1205 0.2715 0.0937
0.2568 -0.1209 0.2725 0.0939
0.2578 -0.1212 0.2735 0.0942
0.2588 -0.1215 0.2745 0.0944
0.2598 -0.1219 0.2755 0.0947
0.2609 -0.1222 0.2765 0.0949
0.2619 -0.1225 0.2775 0.0952
0.2629 -0.1229 0.2785 0.0954
0.2639 -0.1232 0.2795 0.0956
0.2650 -0.1235 0.2805 0.0959
0.2660 -0.1238 0.2815 0.0961
0.2670 -0.1242 0.2826 0.0963
0.2680 -0.1245 0.2836 0.0966
0.2691 -0.1248 0.2846 0.0968
0.2701 -0.1251 0.2856 0.0970
0.2711 -0.1255 0.2866 0.0973
0.2722 -0.1258 0.2876 0.0975
0.2732 -0.1261 0.2886 0.0977
0.2742 -0.1264 0.2896 0.0979
0.2752 -0.1267 0.2906 0.0982
0.2763 -0.1271 0.2916 0.0984
0.2773 -0.1274 0.2926 0.0986
0.2783 -0.1277 0.2936 0.0988
0.2794 -0.1280 0.2946 0.0990
0.2804 -0.1283 0.2956 0.0993
0.2814 -0.1286 0.2966 0.0995
0.2825 -0.1289 0.2976 0.0997
0.2835 -0.1292 0.2986 0.0999
0.2845 -0.1295 0.2996 0.1001
0.2856 -0.1298 0.3006 0.1003
0.2866 -0.1301 0.3016 0.1005
0.2876 -0.1304 0.3026 0.1007
0.2887 -0.1307 0.3036 0.1009
0.2897 -0.1310 0.3046 0.1011
0.2907 -0.1313 0.3056 0.1013
0.2918 -0.1316 0.3066 0.1015
0.2928 -0.1319 0.3076 0.1017
0.2938 -0.1322 0.3086 0.1019
0.2949 -0.1325 0.3096 0.1021
0.2959 -0.1328 0.3106 0.1023
0.2969 -0.1331 0.3116 0.1025
0.2980 -0.1334 0.3126 0.1027
0.2990 -0.1337 0.3136 0.1029
0.3001 -0.1340 0.3146 0.1031
0.3011 -0.1343 0.3156 0.1033
0.3021 -0.1345 0.3166 0.1034
0.3032 -0.1348 0.3176 0.1036
0.3042 -0.1351 0.3186 0.1038
0.3053 -0.1354 0.3196 0.1040
0.3063 -0.1357 0.3206 0.1042
0.3073 -0.1359 0.3216 0.1044
0.3084 -0.1362 0.3226 0.1045
0.3094 -0.1365 0.3236 0.1047
0.3105 -0.1368 0.3246 0.1049
0.3115 -0.1370 0.3256 0.1050
0.3125 -0.1373 0.3266 0.1052
0.3136 -0.1376 0.3276 0.1054
0.3146 -0.1379 0.3286 0.1056
0.3157 -0.1381 0.3296 0.1057
0.3167 -0.1384 0.3306 0.1059
0.3178 -0.1387 0.3316 0.1061
0.3188 -0.1389 0.3326 0.1062
0.3198 -0.1392 0.3336 0.1064
0.3209 -0.1394 0.3346 0.1065
0.3219 -0.1397 0.3356 0.1067
0.3230 -0.1400 0.3366 0.1068
0.3240 -0.1402 0.3376 0.1070
0.3251 -0.1405 0.3386 0.1072
0.3261 -0.1407 0.3396 0.1073
0.3272 -0.1410 0.3406 0.1075
0.3282 -0.1412 0.3416 0.1076
0.3293 -0.1415 0.3426 0.1077
0.3303 -0.1417 0.3436 0.1079
0.3314 -0.1420 0.3446 0.1080
0.3324 -0.1422 0.3455 0.1082
0.3335 -0.1425 0.3465 0.1083
0.3345 -0.1427 0.3475 0.1085
0.3356 -0.1430 0.3485 0.1086
0.3366 -0.1432 0.3495 0.1087
0.3377 -0.1434 0.3505 0.1089
0.3387 -0.1437 0.3515 0.1090
0.3398 -0.1439 0.3525 0.1091
0.3408 -0.1442 0.3535 0.1093
0.3419 -0.1444 0.3545 0.1094
0.3429 -0.1446 0.3555 0.1095
0.3440 -0.1449 0.3565 0.1096
0.3450 -0.1451 0.3575 0.1098
0.3461 -0.1453 0.3585 0.1099
0.3471 -0.1455 0.3595 0.1100
0.3482 -0.1458 0.3605 0.1101
0.3492 -0.1460 0.3615 0.1102
0.3503 -0.1462 0.3625 0.1103
0.3513 -0.1464 0.3635 0.1105
0.3524 -0.1467 0.3645 0.1106
0.3534 -0.1469 0.3655 0.1107
0.3545 -0.1471 0.3665 0.1108
0.3555 -0.1473 0.3675 0.1109
0.3566 -0.1475 0.3685 0.1110
0.3577 -0.1477 0.3695 0.1111
0.3587 -0.1480 0.3705 0.1112
0.3598 -0.1482 0.3715 0.1113
0.3608 -0.1484 0.3724 0.1114
0.3619 -0.1486 0.3734 0.1115
0.3629 -0.1488 0.3744 0.1116
0.3640 -0.1490 0.3754 0.1117
0.3651 -0.1492 0.3764 0.1118
0.3661 -0.1494 0.3774 0.1119
0.3672 -0.1496 0.3784 0.1120
0.3682 -0.1498 0.3794 0.1121
0.3693 -0.1500 0.3804 0.1122
0.3703 -0.1502 0.3814 0.1122
0.3714 -0.1504 0.3824 0.1123
0.3725 -0.1506 0.3834 0.1124
0.3735 -0.1508 0.3844 0.1125
0.3746 -0.1510 0.3854 0.1126
0.3756 -0.1512 0.3864 0.1126
0.3767 -0.1514 0.3874 0.1127
0.3778 -0.1515 0.3883 0.1128
0.3788 -0.1517 0.3893 0.1129
0.3799 -0.1519 0.3903 0.1129
0.3810 -0.1521 0.3913 0.1130
0.3820 -0.1523 0.3923 0.1131
0.3831 -0.1525 0.3933 0.1131
0.3841 -0.1526 0.3943 0.1132
0.3852 -0.1528 0.3953 0.1133
0.3863 -0.1530 0.3963 0.1133
0.3873 -0.1532 0.3973 0.1134
0.3884 -0.1533 0.3983 0.1135
0.3894 -0.1535 0.3993 0.1135
0.3905 -0.1537 0.4002 0.1136
0.3916 -0.1538 0.4012 0.1136
0.3926 -0.1540 0.4022 0.1137
0.3937 -0.1542 0.4032 0.1137
0.3948 -0.1543 0.4042 0.1138
0.3958 -0.1545 0.4052 0.1138
0.3969 -0.1547 0.4062 0.1139
0.3980 -0.1548 0.4072 0.1139
0.3990 -0.1550 0.4082 0.1140
0.4001 -0.1551 0.4091 0.1140
0.4012 -0.1553 0.4101 0.1140
0.4022 -0.1555 0.4111 0.1141
0.4033 -0.1556 0.4121 0.1141
0.4044 -0.1558 0.4131 0.1142
0.4054 -0.1559 0.4141 0.1142
0.4065 -0.1561 0.4151 0.1142
0.4076 -0.1562 0.4161 0.1143
0.4086 -0.1564 0.4171 0.1143
0.4097 -0.1565 0.4180 0.1143
0.4108 -0.1566 0.4190 0.1143
0.4118 -0.1568 0.4200 0.1144
0.4129 -0.1569 0.4210 0.1144
0.4140 -0.1571 0.4220 0.1144
0.4150 -0.1572 0.4230 0.1144
0.4161 -0.1573 0.4240 0.1144
0.4172 -0.1575 0.4249 0.1145
0.4182 -0.1576 0.4259 0.1145
0.4193 -0.1577 0.4269 0.1145
0.4204 -0.1579 0.4279 0.1145
0.4214 -0.1580 0.4289 0.1145
0.4225 -0.1581 0.4299 0.1145
0.4236 -0.1582 0.4309 0.1145
0.4247 -0.1584 0.4318 0.1145
0.4257 -0.1585 0.4328 0.1145
0.4268 -0.1586 0.4338 0.1145
0.4279 -0.1587 0.4348 0.1145
0.4289 -0.1588 0.4358 0.1145
0.4300 -0.1590 0.4368 0.1145
0.4311 -0.1591 0.4377 0.1145
0.4321 -0.1592 0.4387 0.1145
0.4332 -0.1593 0.4397 0.1145
0.4343 -0.1594 0.4407 0.1145
0.4354 -0.1595 0.4417 0.1145
0.4364 -0.1596 0.4426 0.1145
0.4375 -0.1597 0.4436 0.1145
0.4386 -0.1598 0.4446 0.1145
0.4396 -0.1599 0.4456 0.1145
0.4407 -0.1600 0.4466 0.1144
0.4418 -0.1601 0.4476 0.1144
0.4429 -0.1602 0.4485 0.1144
0.4439 -0.1603 0.4495 0.1144
0.4450 -0.1604 0.4505 0.1144
0.4461 -0.1605 0.4515 0.1143
0.4472 -0.1606 0.4525 0.1143
0.4482 -0.1607 0.4534 0.1143
0.4493 -0.1608 0.4544 0.1143
0.4504 -0.1609 0.4554 0.1142
0.4514 -0.1610 0.4564 0.1142
0.4525 -0.1611 0.4573 0.1142
0.4536 -0.1611 0.4583 0.1141
0.4547 -0.1612 0.4593 0.1141
0.4557 -0.1613 0.4603 0.1141
0.4568 -0.1614 0.4613 0.1140
0.4579 -0.1615 0.4622 0.1140
0.4590 -0.1615 0.4632 0.1139
0.4600 -0.1616 0.4642 0.1139
0.4611 -0.1617 0.4652 0.1138
0.4622 -0.1618 0.4661 0.1138
0.4633 -0.1618 0.4671 0.1138
0.4643 -0.1619 0.4681 0.1137
0.4654 -0.1620 0.4691 0.1137
0.4665 -0.1620 0.4700 0.1136
0.4676 -0.1621 0.4710 0.1135
0.4686 -0.1622 0.4720 0.1135
0.4697 -0.1622 0.4730 0.1134
0.4708 -0.1623 0.4739 0.1134
0.4719 -0.1623 0.4749 0.1133
0.4729 -0.1624 0.4759 0.1133
0.4740 -0.1625 0.4768 0.1132
0.4751 -0.1625 0.4778 0.1131
0.4762 -0.1626 0.4788 0.1131
0.4772 -0.1626 0.4798 0.1130
0.4783 -0.1627 0.4807 0.1129
0.4794 -0.1627 0.4817 0.1129
0.4805 -0.1628 0.4827 0.1128
0.4815 -0.1628 0.4836 0.1127
0.4826 -0.1628 0.4846 0.1127
0.4837 -0.1629 0.4856 0.1126
0.4848 -0.1629 0.4866 0.1125
0.4859 -0.1630 0.4875 0.1124
0.4869 -0.1630 0.4885 0.1123
0.4880 -0.1630 0.4895 0.1123
0.4891 -0.1631 0.4904 0.1122
0.4902 -0.1631 0.4914 0.1121
0.4912 -0.1631 0.4924 0.1120
0.4923 -0.1632 0.4933 0.1119
0.4934 -0.1632 0.4943 0.1118
0.4945 -0.1632 0.4953 0.1118
0.4955 -0.1632 0.4962 0.1117
0.4966 -0.1633 0.4972 0.1116
0.4977 -0.1633 0.4982 0.1115
0.4988 -0.1633 0.4991 0.1114
0.4998 -0.1633 0.5001 0.1113
0.5009 -0.1634 0.5011 0.1112
0.5020 -0.1634 0.5020 0.1111
0.5031 -0.1634 0.5030 0.1110
0.5042 -0.1634 0.5040 0.1109
0.5052 -0.1634 0.5049 0.1108
0.5063 -0.1634 0.5059 0.1107
0.5074 -0.1634 0.5068 0.1106
0.5085 -0.1634 0.5078 0.1105
0.5095 -0.1634 0.5088 0.1104
0.5106 -0.1634 0.5097 0.1103
0.5117 -0.1634 0.5107 0.1102
0.5128 -0.1634 0.5117 0.1100
0.5138 -0.1634 0.5126 0.1099
0.5149 -0.1634 0.5136 0.1098
0.5160 -0.1634 0.5145 0.1097
0.5171 -0.1634 0.5155 0.1096
0.5182 -0.1634 0.5165 0.1095
0.5192 -0.1634 0.5174 0.1094
0.5203 -0.1634 0.5184 0.1092
0.5214 -0.1634 0.5193 0.1091
0.5225 -0.1634 0.5203 0.1090
0.5235 -0.1634 0.5213 0.1089
0.5246 -0.1634 0.5222 0.1087
0.5257 -0.1633 0.5232 0.1086
0.5268 -0.1633 0.5241 0.1085
0.5278 -0.1633 0.5251 0.1084
0.5289 -0.1633 0.5261 0.1082
0.5300 -0.1633 0.5270 0.1081
0.5311 -0.1632 0.5280 0.1080
0.5322 -0.1632 0.5289 0.1078
0.5332 -0.1632 0.5299 0.1077
0.5343 -0.1631 0.5308 0.1076
0.5354 -0.1631 0.5318 0.1074
0.5365 -0.1631 0.5327 0.1073
0.5375 -0.1631 0.5337 0.1072
0.5386 -0.1630 0.5347 0.1070
0.5397 -0.1630 0.5356 0.1069
0.5408 -0.1629 0.5366 0.1067
0.5418 -0.1629 0.5375 0.1066
0.5429 -0.1629 0.5385 0.1064
0.5440 -0.1628 0.5394 0.1063
0.5451 -0.1628 0.5404 0.1061
0.5461 -0.1627 0.5413 0.1060
0.5472 -0.1627 0.5423 0.1059
0.5483 -0.1626 0.5432 0.1057
0.5494 -0.1626 0.5442 0.1055
0.5505 -0.1625 0.5451 0.1054
0.5515 -0.1625 0.5461 0.1052
0.5526 -0.1624 0.5470 0.1051
0.5537 -0.1624 0.5480 0.1049
0.5548 -0.1623 0.5489 0.1048
0.5558 -0.1622 0.5499 0.1046
0.5569 -0.1622 0.5508 0.1045
0.5580 -0.1621 0.5518 0.1043
0.5591 -0.1621 0.5527 0.1041
0.5601 -0.1620 0.5537 0.1040
0.5612 -0.1619 0.5546 0.1038
0.5623 -0.1619 0.5556 0.1036
0.5634 -0.1618 0.5565 0.1035
0.5644 -0.1617 0.5575 0.1033
0.5655 -0.1616 0.5584 0.1031
0.5666 -0.1616 0.5594 0.1030
0.5677 -0.1615 0.5603 0.1028
0.5687 -0.1614 0.5613 0.1026
0.5698 -0.1613 0.5622 0.1025
0.5709 -0.1613 0.5632 0.1023
0.5719 -0.1612 0.5641 0.1021
0.5730 -0.1611 0.5651 0.1019
0.5741 -0.1610 0.5660 0.1017
0.5752 -0.1609 0.5669 0.1016
0.5762 -0.1608 0.5679 0.1014
0.5773 -0.1607 0.5688 0.1012
0.5784 -0.1607 0.5698 0.1010
0.5795 -0.1606 0.5707 0.1009
0.5805 -0.1605 0.5717 0.1007
0.5816 -0.1604 0.5726 0.1005
0.5827 -0.1603 0.5736 0.1003
0.5838 -0.1602 0.5745 0.1001
0.5848 -0.1601 0.5754 0.0999
0.5859 -0.1600 0.5764 0.0997
0.5870 -0.1599 0.5773 0.0996
0.5880 -0.1598 0.5783 0.0994
0.5891 -0.1597 0.5792 0.0992
0.5902 -0.1596 0.5802 0.0990
0.5913 -0.1594 0.5811 0.0988
0.5923 -0.1593 0.5820 0.0986
0.5934 -0.1592 0.5830 0.0984
0.5945 -0.1591 0.5839 0.0982
0.5955 -0.1590 0.5849 0.0980
0.5966 -0.1589 0.5858 0.0978
0.5977 -0.1588 0.5867 0.0976
0.5988 -0.1586 0.5877 0.0974
0.5998 -0.1585 0.5886 0.0972
0.6009 -0.1584 0.5896 0.0970
0.6020 -0.1583 0.5905 0.0968
0.6030 -0.1582 0.5914 0.0966
0.6041 -0.1580 0.5924 0.0964
0.6052 -0.1579 0.5933 0.0962
0.6062 -0.1578 0.5943 0.0960
0.6073 -0.1576 0.5952 0.0958
0.6084 -0.1575 0.5961 0.0956
0.6094 -0.1574 0.5971 0.0954
0.6105 -0.1572 0.5980 0.0952
0.6116 -0.1571 0.5990 0.0950
0.6127 -0.1570 0.5999 0.0948
0.6137 -0.1568 0.6008 0.0945
0.6148 -0.1567 0.6018 0.0943
0.6159 -0.1565 0.6027 0.0941
0.6169 -0.1564 0.6036 0.0939
0.6180 -0.1562 0.6046 0.0937
0.6191 -0.1561 0.6055 0.0935
0.6201 -0.1560 0.6064 0.0933
0.6212 -0.1558 0.6074 0.0930
0.6223 -0.1557 0.6083 0.0928
0.6233 -0.1555 0.6093 0.0926
0.6244 -0.1553 0.6102 0.0924
0.6255 -0.1552 0.6111 0.0922
0.6265 -0.1550 0.6121 0.0919
0.6276 -0.1549 0.6130 0.0917
0.6286 -0.1547 0.6139 0.0915
0.6297 -0.1545 0.6149 0.0913
0.6308 -0.1544 0.6158 0.0911
0.6318 -0.1542 0.6167 0.0908
0.6329 -0.1541 0.6177 0.0906
0.6340 -0.1539 0.6186 0.0904
0.6350 -0.1537 0.6195 0.0902
0.6361 -0.1536 0.6205 0.0899
0.6372 -0.1534 0.6214 0.0897
0.6382 -0.1532 0.6223 0.0895
0.6393 -0.1530 0.6233 0.0892
0.6403 -0.1529 0.6242 0.0890
0.6414 -0.1527 0.6251 0.0888
0.6425 -0.1525 0.6261 0.0886
0.6435 -0.1523 0.6270 0.0883
0.6446 -0.1521 0.6279 0.0881
0.6457 -0.1520 0.6289 0.0879
0.6467 -0.1518 0.6298 0.0876
0.6478 -0.1516 0.6307 0.0874
0.6488 -0.1514 0.6317 0.0872
0.6499 -0.1512 0.6326 0.0869
0.6510 -0.1510 0.6335 0.0867
0.6520 -0.1508 0.6345 0.0864
0.6531 -0.1506 0.6354 0.0862
0.6541 -0.1504 0.6363 0.0860
0.6552 -0.1502 0.6373 0.0857
0.6563 -0.1500 0.6382 0.0855
0.6573 -0.1498 0.6391 0.0852
0.6584 -0.1496 0.6401 0.0850
0.6594 -0.1494 0.6410 0.0848
0.6605 -0.1492 0.6419 0.0845
0.6615 -0.1490 0.6429 0.0843
0.6626 -0.1488 0.6438 0.0840
0.6637 -0.1486 0.6447 0.0838
0.6647 -0.1484 0.6457 0.0836
0.6658 -0.1482 0.6466 0.0833
0.6668 -0.1480 0.6475 0.0831
0.6679 -0.1478 0.6485 0.0828
0.6689 -0.1476 0.6494 0.0826
0.6700 -0.1473 0.6503 0.0823
0.6710 -0.1471 0.6513 0.0821
0.6721 -0.1469 0.6522 0.0818
0.6732 -0.1467 0.6531 0.0816
0.6742 -0.1465 0.6541 0.0813
0.6753 -0.1462 0.6550 0.0811
0.6763 -0.1460 0.6559 0.0808
0.6774 -0.1458 0.6569 0.0806
0.6784 -0.1456 0.6578 0.0803
0.6795 -0.1453 0.6587 0.0801
0.6805 -0.1451 0.6597 0.0798
0.6816 -0.1449 0.6606 0.0796
0.6826 -0.1446 0.6615 0.0793
0.6837 -0.1444 0.6625 0.0791
0.6847 -0.1442 0.6634 0.0788
0.6858 -0.1439 0.6643 0.0786
0.6868 -0.1437 0.6653 0.0783
0.6879 -0.1435 0.6662 0.0780
0.6889 -0.1432 0.6671 0.0778
0.6900 -0.1430 0.6681 0.0775
0.6910 -0.1427 0.6690 0.0773
0.6921 -0.1425 0.6699 0.0770
0.6931 -0.1422 0.6709 0.0768
0.6942 -0.1420 0.6718 0.0765
0.6952 -0.1417 0.6727 0.0762
0.6963 -0.1415 0.6737 0.0760
0.6973 -0.1412 0.6746 0.0757
0.6984 -0.1410 0.6755 0.0755
0.6994 -0.1407 0.6765 0.0752
0.7005 -0.1405 0.6774 0.0749
0.7015 -0.1402 0.6783 0.0747
0.7026 -0.1400 0.6793 0.0744
0.7036 -0.1397 0.6802 0.0742
0.7046 -0.1394 0.6811 0.0739
0.7057 -0.1392 0.6821 0.0736
0.7067 -0.1389 0.6830 0.0734
0.7078 -0.1386 0.6839 0.0731
0.7088 -0.1384 0.6849 0.0729
0.7099 -0.1381 0.6858 0.0726
0.7109 -0.1378 0.6867 0.0723
0.7119 -0.1376 0.6877 0.0721
0.7130 -0.1373 0.6886 0.0718
0.7140 -0.1370 0.6896 0.0715
0.7151 -0.1367 0.6905 0.0713
0.7161 -0.1365 0.6914 0.0710
0.7172 -0.1362 0.6924 0.0707
0.7182 -0.1359 0.6933 0.0705
0.7192 -0.1356 0.6942 0.0702
0.7203 -0.1353 0.6952 0.0699
0.7213 -0.1351 0.6961 0.0697
0.7223 -0.1348 0.6971 0.0694
0.7234 -0.1345 0.6980 0.0691
0.7244 -0.1342 0.6989 0.0689
0.7255 -0.1339 0.6999 0.0686
0.7265 -0.1336 0.7008 0.0683
0.7275 -0.1333 0.7017 0.0681
0.7286 -0.1330 0.7027 0.0678
0.7296 -0.1328 0.7036 0.0675
0.7306 -0.1325 0.7046 0.0673
0.7317 -0.1322 0.7055 0.0670
0.7327 -0.1319 0.7064 0.0667
0.7338 -0.1316 0.7074 0.0664
0.7348 -0.1313 0.7083 0.0662
0.7358 -0.1310 0.7093 0.0659
0.7369 -0.1307 0.7102 0.0656
0.7379 -0.1304 0.7112 0.0654
0.7389 -0.1301 0.7121 0.0651
0.7400 -0.1297 0.7130 0.0648
0.7410 -0.1294 0.7140 0.0646
0.7420 -0.1291 0.7149 0.0643
0.7430 -0.1288 0.7159 0.0640
0.7441 -0.1285 0.7168 0.0637
0.7451 -0.1282 0.7178 0.0635
0.7461 -0.1279 0.7187 0.0632
0.7472 -0.1276 0.7196 0.0629
0.7482 -0.1272 0.7206 0.0626
0.7492 -0.1269 0.7215 0.0624
0.7503 -0.1266 0.7225 0.0621
0.7513 -0.1263 0.7234 0.0618
0.7523 -0.1260 0.7244 0.0616
0.7533 -0.1256 0.7253 0.0613
0.7544 -0.1253 0.7263 0.0610
0.7554 -0.1250 0.7272 0.0607
0.7564 -0.1247 0.7282 0.0605
0.7574 -0.1243 0.7291 0.0602
0.7585 -0.1240 0.7301 0.0599
0.7595 -0.1237 0.7310 0.0596
0.7605 -0.1233 0.7320 0.0594
0.7615 -0.1230 0.7329 0.0591
0.7626 -0.1227 0.7339 0.0588
0.7636 -0.1223 0.7348 0.0585
0.7646 -0.1220 0.7358 0.0583
0.7656 -0.1217 0.7367 0.0580
0.7667 -0.1213 0.7377 0.0577
0.7677 -0.1210 0.7386 0.0574
0.7687 -0.1206 0.7396 0.0572
0.7697 -0.1203 0.7405 0.0569
0.7707 -0.1200 0.7415 0.0566
0.7718 -0.1196 0.7424 0.0563
0.7728 -0.1193 0.7434 0.0561
0.7738 -0.1189 0.7443 0.0558
0.7748 -0.1186 0.7453 0.0555
0.7758 -0.1182 0.7463 0.0553
0.7769 -0.1179 0.7472 0.0550
0.7779 -0.1175 0.7482 0.0547
0.7789 -0.1172 0.7491 0.0544
0.7799 -0.1168 0.7501 0.0542
0.7809 -0.1164 0.7510 0.0539
0.7819 -0.1161 0.7520 0.0536
0.7830 -0.1157 0.7530 0.0533
0.7840 -0.1154 0.7539 0.0531
0.7850 -0.1150 0.7549 0.0528
0.7860 -0.1146 0.7559 0.0525
0.7870 -0.1143 0.7568 0.0522
0.7880 -0.1139 0.7578 0.0520
0.7890 -0.1135 0.7587 0.0517
0.7900 -0.1132 0.7597 0.0514
0.7911 -0.1128 0.7607 0.0511
0.7921 -0.1124 0.7616 0.0509
0.7931 -0.1121 0.7626 0.0506
0.7941 -0.1117 0.7636 0.0503
0.7951 -0.1113 0.7645 0.0500
0.7961 -0.1109 0.7655 0.0498
0.7971 -0.1106 0.7665 0.0495
0.7981 -0.1102 0.7674 0.0492
0.7991 -0.1098 0.7684 0.0489
0.8001 -0.1094 0.7694 0.0487
0.8012 -0.1090 0.7704 0.0484
0.8022 -0.1087 0.7713 0.0481
0.8032 -0.1083 0.7723 0.0479
0.8042 -0.1079 0.7733 0.0476
0.8052 -0.1075 0.7742 0.0473
0.8062 -0.1071 0.7752 0.0470
0.8072 -0.1067 0.7762 0.0468
0.8082 -0.1063 0.7772 0.0465
0.8092 -0.1060 0.7781 0.0462
0.8102 -0.1056 0.7791 0.0459
0.8112 -0.1052 0.7801 0.0457
0.8122 -0.1048 0.7811 0.0454
0.8132 -0.1044 0.7821 0.0451
0.8142 -0.1040 0.7830 0.0449
0.8152 -0.1036 0.7840 0.0446
0.8162 -0.1032 0.7850 0.0443
0.8172 -0.1028 0.7860 0.0440
0.8182 -0.1024 0.7870 0.0438
0.8192 -0.1020 0.7879 0.0435
0.8202 -0.1016 0.7889 0.0432
0.8212 -0.1012 0.7899 0.0430
0.8222 -0.1008 0.7909 0.0427
0.8232 -0.1004 0.7919 0.0424
0.8242 -0.1000 0.7929 0.0422
0.8252 -0.0995 0.7939 0.0419
0.8262 -0.0991 0.7949 0.0416
0.8272 -0.0987 0.7958 0.0413
0.8282 -0.0983 0.7968 0.0411
0.8292 -0.0979 0.7978 0.0408
0.8302 -0.0975 0.7988 0.0405
0.8312 -0.0971 0.7998 0.0403
0.8322 -0.0967 0.8008 0.0400
0.8331 -0.0962 0.8018 0.0397
0.8341 -0.0958 0.8028 0.0395
0.8351 -0.0954 0.8038 0.0392
0.8361 -0.0950 0.8048 0.0389
0.8371 -0.0946 0.8058 0.0387
0.8381 -0.0941 0.8068 0.0384
0.8391 -0.0937 0.8078 0.0381
0.8401 -0.0933 0.8088 0.0379
0.8411 -0.0929 0.8098 0.0376
0.8421 -0.0924 0.8108 0.0374
0.8430 -0.0920 0.8118 0.0371
0.8440 -0.0916 0.8128 0.0368
0.8450 -0.0911 0.8138 0.0366
0.8460 -0.0907 0.8148 0.0363
0.8470 -0.0903 0.8158 0.0360
0.8480 -0.0898 0.8168 0.0358
0.8490 -0.0894 0.8178 0.0355
0.8499 -0.0890 0.8189 0.0352
0.8509 -0.0885 0.8199 0.0350
0.8519 -0.0881 0.8209 0.0347
0.8529 -0.0876 0.8219 0.0345
0.8539 -0.0872 0.8229 0.0342
0.8549 -0.0868 0.8239 0.0339
0.8558 -0.0863 0.8249 0.0337
0.8568 -0.0859 0.8260 0.0334
0.8578 -0.0854 0.8270 0.0332
0.8588 -0.0850 0.8280 0.0329
0.8598 -0.0845 0.8290 0.0327
0.8607 -0.0841 0.8300 0.0324
0.8617 -0.0836 0.8311 0.0321
0.8627 -0.0832 0.8321 0.0319
0.8637 -0.0827 0.8331 0.0316
0.8647 -0.0823 0.8341 0.0314
0.8656 -0.0818 0.8352 0.0311
0.8666 -0.0814 0.8362 0.0309
0.8676 -0.0809 0.8372 0.0306
0.8686 -0.0805 0.8383 0.0304
0.8695 -0.0800 0.8393 0.0301
0.8705 -0.0795 0.8403 0.0298
0.8715 -0.0791 0.8413 0.0296
0.8725 -0.0786 0.8424 0.0293
0.8734 -0.0782 0.8434 0.0291
0.8744 -0.0777 0.8445 0.0288
0.8754 -0.0772 0.8455 0.0286
0.8763 -0.0768 0.8465 0.0283
0.8773 -0.0763 0.8476 0.0281
0.8783 -0.0758 0.8486 0.0278
0.8793 -0.0754 0.8497 0.0276
0.8802 -0.0749 0.8507 0.0273
0.8812 -0.0744 0.8517 0.0271
0.8822 -0.0740 0.8528 0.0268
0.8831 -0.0735 0.8538 0.0266
0.8841 -0.0730 0.8549 0.0264
0.8851 -0.0725 0.8559 0.0261
0.8860 -0.0721 0.8570 0.0259
0.8870 -0.0716 0.8580 0.0256
0.8880 -0.0711 0.8591 0.0254
0.8889 -0.0706 0.8601 0.0251
0.8899 -0.0702 0.8612 0.0249
0.8909 -0.0697 0.8623 0.0246
0.8918 -0.0692 0.8633 0.0244
0.8928 -0.0687 0.8644 0.0242
0.8937 -0.0682 0.8654 0.0239
0.8947 -0.0677 0.8665 0.0237
0.8957 -0.0673 0.8676 0.0234
0.8966 -0.0668 0.8686 0.0232
0.8976 -0.0663 0.8697 0.0230
0.8985 -0.0658 0.8708 0.0227
0.8995 -0.0653 0.8718 0.0225
0.9005 -0.0648 0.8729 0.0223
0.9014 -0.0643 0.8740 0.0220
0.9024 -0.0638 0.8750 0.0218
0.9033 -0.0633 0.8761 0.0215
0.9043 -0.0628 0.8772 0.0213
0.9053 -0.0623 0.8783 0.0211
0.9062 -0.0619 0.8793 0.0208
0.9072 -0.0614 0.8804 0.0206
0.9081 -0.0609 0.8815 0.0204
0.9091 -0.0604 0.8826 0.0202
0.9100 -0.0599 0.8837 0.0199
0.9110 -0.0594 0.8847 0.0197
0.9119 -0.0589 0.8858 0.0195
0.9129 -0.0584 0.8869 0.0192
0.9138 -0.0578 0.8880 0.0190
0.9148 -0.0573 0.8891 0.0188
0.9157 -0.0568 0.8902 0.0186
0.9167 -0.0563 0.8913 0.0183
0.9176 -0.0558 0.8924 0.0181
0.9186 -0.0553 0.8935 0.0179
0.9195 -0.0548 0.8946 0.0177
0.9205 -0.0543 0.8957 0.0174
0.9214 -0.0538 0.8968 0.0172
0.9224 -0.0533 0.8979 0.0170
0.9233 -0.0528 0.8990 0.0168
0.9243 -0.0522 0.9001 0.0166
0.9252 -0.0517 0.9012 0.0163
0.9262 -0.0512 0.9023 0.0161
0.9271 -0.0507 0.9034 0.0159
0.9281 -0.0502 0.9045 0.0157
0.9290 -0.0497 0.9056 0.0155
0.9299 -0.0491 0.9067 0.0153
0.9309 -0.0486 0.9078 0.0150
0.9318 -0.0481 0.9090 0.0148
0.9328 -0.0476 0.9101 0.0146
0.9337 -0.0471 0.9112 0.0144
0.9347 -0.0465 0.9123 0.0142
0.9356 -0.0460 0.9134 0.0140
0.9365 -0.0455 0.9146 0.0138
0.9375 -0.0450 0.9157 0.0136
0.9384 -0.0444 0.9168 0.0134
0.9394 -0.0439 0.9179 0.0132
0.9403 -0.0434 0.9191 0.0130
0.9412 -0.0428 0.9202 0.0127
0.9422 -0.0423 0.9213 0.0125
0.9431 -0.0418 0.9225 0.0123
0.9440 -0.0412 0.9236 0.0121
0.9450 -0.0407 0.9247 0.0119
0.9459 -0.0402 0.9259 0.0117
0.9468 -0.0396 0.9270 0.0115
0.9478 -0.0391 0.9282 0.0113
0.9487 -0.0386 0.9293 0.0111
0.9496 -0.0380 0.9305 0.0109
0.9506 -0.0375 0.9316 0.0107
0.9515 -0.0369 0.9328 0.0106
0.9524 -0.0364 0.9339 0.0104
0.9534 -0.0359 0.9351 0.0102
0.9543 -0.0353 0.9362 0.0100
0.9552 -0.0348 0.9374 0.0098
0.9562 -0.0342 0.9385 0.0096
0.9571 -0.0337 0.9397 0.0094
0.9580 -0.0331 0.9409 0.0092
0.9589 -0.0326 0.9420 0.0090
0.9599 -0.0320 0.9432 0.0088
0.9608 -0.0315 0.9444 0.0087
0.9617 -0.0309 0.9455 0.0085
0.9626 -0.0304 0.9467 0.0083
0.9636 -0.0298 0.9479 0.0081
0.9645 -0.0293 0.9490 0.0079
0.9654 -0.0287 0.9502 0.0077
0.9663 -0.0282 0.9514 0.0076
0.9673 -0.0276 0.9526 0.0074
0.9682 -0.0271 0.9537 0.0072
0.9691 -0.0265 0.9549 0.0070
0.9700 -0.0260 0.9561 0.0068
0.9709 -0.0254 0.9573 0.0067
0.9719 -0.0248 0.9585 0.0065
0.9728 -0.0243 0.9597 0.0063
0.9737 -0.0237 0.9609 0.0062
0.9746 -0.0232 0.9621 0.0060
0.9755 -0.0226 0.9633 0.0058
0.9765 -0.0220 0.9645 0.0056
0.9774 -0.0215 0.9657 0.0055
0.9783 -0.0209 0.9669 0.0053
0.9792 -0.0203 0.9681 0.0052
0.9801 -0.0198 0.9693 0.0050
0.9810 -0.0192 0.9705 0.0048
0.9820 -0.0186 0.9717 0.0047
0.9829 -0.0181 0.9729 0.0045
0.9838 -0.0175 0.9741 0.0043
0.9847 -0.0169 0.9753 0.0042
0.9856 -0.0163 0.9765 0.0040
0.9865 -0.0158 0.9777 0.0039
0.9874 -0.0152 0.9790 0.0037
0.9883 -0.0146 0.9802 0.0036
0.9893 -0.0141 0.9814 0.0034
0.9902 -0.0135 0.9826 0.0033
0.9911 -0.0129 0.9839 0.0031
0.9920 -0.0123 0.9851 0.0030
0.9929 -0.0117 0.9863 0.0028
0.9938 -0.0112 0.9876 0.0027
0.9947 -0.0106 0.9888 0.0025
0.9956 -0.0100 0.9900 0.0024
0.9965 -0.0094 0.9913 0.0022
0.9974 -0.0088 0.9925 0.0021
0.9983 -0.0083 0.9937 0.0020
0.9992 -0.0077 0.9950 0.0018
1.0001 -0.0071 0.9962 0.0017
1.0011 -0.0065 0.9975 0.0015
1.0020 -0.0059 0.9987 0.0014
1.0029 -0.0053 1.0000 0.0013
1.0038 -0.0047 1.0012 0.0012
1.0047 -0.0042 1.0025 0.0010
1.0056 -0.0036 1.0038 0.0009
1.0065 -0.0030 1.0050 0.0008
1.0074 -0.0024 1.0063 0.0006
1.0083 -0.0018 1.0075 0.0005
1.0092 -0.0012 1.0088 0.0004
1.0101 -0.0006 1.0101 0.0003
1.0110 0.0000 1.0110 0.0005
