0 0 0 0
0.00107699 7.47771e-10 0.000745787 0.000891707
0.00215398 2.27221e-07 0.00149087 0.00178304
0.00323097 9.0475e-07 0.00223525 0.00267421
0.00430796 2.03719e-06 0.00297893 0.00356521
0.00538495 3.62593e-06 0.00372192 0.00445605
0.00646194 5.67576e-06 0.00446422 0.00534673
0.00753893 8.18768e-06 0.00520582 0.00623722
0.00861592 1.1168e-05 0.00594675 0.00712754
0.0096929 1.46167e-05 0.00668698 0.00801768
0.0107699 1.85408e-05 0.00742658 0.00890765
0.0118469 2.29351e-05 0.00816546 0.0097974
0.0129238 2.78121e-05 0.00890363 0.010687
0.0140008 3.31756e-05 0.00964127 0.0115764
0.0150778 3.90169e-05 0.0103782 0.0124656
0.0161548 4.53429e-05 0.0111145 0.0133546
0.0172317 5.21599e-05 0.01185 0.0142433
0.0183087 5.94778e-05 0.0125848 0.0151318
0.0193857 6.73035e-05 0.0133192 0.0160202
0.0204626 7.56199e-05 0.014053 0.0169084
0.0215396 8.44374e-05 0.0147861 0.0177963
0.0226165 9.37512e-05 0.0155185 0.0186841
0.0236935 0.000103575 0.0162503 0.0195715
0.0247704 0.000113913 0.0169815 0.0204587
0.0258474 0.000124763 0.017712 0.0213457
0.0269243 0.00013614 0.0184418 0.0222324
0.0280012 0.000148036 0.019171 0.0231189
0.0290781 0.000160475 0.0198995 0.0240051
0.030155 0.000173448 0.0206277 0.0248912
0.031232 0.000186945 0.0213553 0.025777
0.0323089 0.000200968 0.0220824 0.0266626
0.0333857 0.000215522 0.0228089 0.0275479
0.0344626 0.000230626 0.0235348 0.028433
0.0355395 0.000246255 0.0242601 0.0293177
0.0366164 0.000262424 0.0249848 0.0302022
0.0376932 0.000279152 0.0257089 0.0310864
0.0387701 0.000296429 0.0264325 0.0319703
0.0398469 0.000314262 0.0271555 0.0328539
0.0409238 0.000332643 0.0278779 0.0337372
0.0420006 0.000351599 0.0285998 0.0346202
0.0430774 0.000371116 0.029321 0.035503
0.0441542 0.0003912 0.0300418 0.0363854
0.045231 0.000411854 0.0307619 0.0372675
0.0463078 0.000433095 0.0314816 0.0381493
0.0473846 0.000454916 0.0322007 0.0390308
0.0484613 0.000477324 0.0329192 0.0399119
0.0495381 0.000500319 0.0336372 0.0407927
0.0506148 0.000523902 0.0343546 0.0416732
0.0516915 0.000548078 0.0350715 0.0425534
0.0527682 0.000572859 0.0357879 0.0434332
0.0538449 0.000598248 0.0365038 0.0443127
0.0549216 0.000624253 0.0372196 0.0451921
0.0559982 0.000650851 0.037935 0.0460711
0.0570749 0.000678042 0.03865 0.0469498
0.0581515 0.000705835 0.0393644 0.0478281
0.0592281 0.000734246 0.0400784 0.0487061
0.0603047 0.000763272 0.040792 0.0495837
0.0613813 0.000792919 0.0415051 0.0504609
0.0624579 0.000823172 0.0422177 0.0513378
0.0635344 0.000854052 0.0429299 0.0522143
0.064611 0.000885565 0.0436417 0.0530904
0.0656875 0.000917705 0.044353 0.0539662
0.066764 0.000950482 0.045064 0.0548416
0.0678404 0.000983885 0.0457744 0.0557166
0.0689169 0.00101792 0.0464845 0.0565912
0.0699933 0.00105259 0.0471942 0.0574654
0.0710697 0.00108791 0.0479034 0.0583392
0.0721461 0.00112387 0.0486123 0.0592125
0.0732225 0.0011605 0.0493208 0.0600856
0.0742988 0.00119779 0.0500289 0.0609582
0.0753752 0.00123574 0.0507366 0.0618303
0.0764515 0.00127436 0.0514439 0.0627021
0.0775277 0.00131364 0.0521509 0.0635735
0.078604 0.0013536 0.0528575 0.0644444
0.0796802 0.00139422 0.0535637 0.0653149
0.0807564 0.0014355 0.0542696 0.0661849
0.0818326 0.00147745 0.0549751 0.0670545
0.0829087 0.0015201 0.0556803 0.0679237
0.0839849 0.00156343 0.0563851 0.0687925
0.0850609 0.00160747 0.0570896 0.0696608
0.086137 0.00165219 0.0577938 0.0705286
0.087213 0.0016976 0.0584977 0.071396
0.088289 0.0017437 0.0592012 0.0722629
0.089365 0.00179052 0.0599044 0.0731294
0.090441 0.00183804 0.0606074 0.0739953
0.0915169 0.00188627 0.06131 0.0748609
0.0925927 0.00193521 0.0620123 0.0757259
0.0936686 0.00198487 0.0627144 0.0765905
0.0947444 0.00203525 0.0634161 0.0774546
0.0958202 0.00208634 0.0641176 0.0783181
0.0968959 0.00213815 0.0648188 0.0791812
0.0979716 0.0021907 0.0655198 0.0800438
0.0990473 0.00224399 0.0662204 0.080906
0.100123 0.00229801 0.0669208 0.0817676
0.101199 0.00235278 0.067621 0.0826287
0.102274 0.0024083 0.068321 0.0834893
0.10335 0.00246456 0.0690207 0.0843494
0.104425 0.00252155 0.0697202 0.0852089
0.105501 0.00257931 0.0704194 0.0860679
0.106576 0.00263779 0.0711185 0.0869264
0.107651 0.00269706 0.0718172 0.0877844
0.108727 0.00275708 0.0725159 0.0886418
0.109802 0.00281788 0.0732142 0.0894987
0.110877 0.00287945 0.0739125 0.0903551
0.111952 0.00294179 0.0746105 0.0912109
0.113027 0.00300491 0.0753083 0.0920662
0.114103 0.0030688 0.076006 0.0929209
0.115178 0.00313347 0.0767035 0.093775
0.116253 0.00319891 0.0774008 0.0946286
0.117328 0.00326516 0.0780979 0.0954816
0.118402 0.0033322 0.0787949 0.0963341
0.119477 0.00340003 0.0794918 0.097186
0.120552 0.00346867 0.0801884 0.0980373
0.121627 0.00353812 0.080885 0.098888
0.122702 0.00360837 0.0815815 0.0997381
0.123776 0.00367943 0.0822777 0.100588
0.124851 0.00375129 0.0829739 0.101437
0.125925 0.00382399 0.08367 0.102285
0.127 0.00389748 0.084366 0.103133
0.128074 0.00397179 0.0850618 0.10398
0.129149 0.0040469 0.0857576 0.104826
0.130223 0.00412286 0.0864533 0.105672
0.131297 0.00419966 0.0871488 0.106517
0.132371 0.00427727 0.0878447 0.107362
0.133445 0.00435574 0.088541 0.108207
0.13452 0.00443504 0.0892372 0.10905
0.135594 0.00451516 0.0899333 0.109894
0.136667 0.00459615 0.0906295 0.110736
0.137741 0.00467798 0.0913255 0.111578
0.138815 0.00476064 0.0920216 0.112419
0.139889 0.00484417 0.0927177 0.11326
0.140963 0.00492856 0.0934138 0.1141
0.142036 0.00501379 0.0941098 0.114939
0.14311 0.0050999 0.0948059 0.115778
0.144183 0.00518687 0.095502 0.116615
0.145257 0.00527467 0.096198 0.117453
0.14633 0.00536334 0.0968942 0.118289
0.147403 0.00545287 0.0975904 0.119125
0.148476 0.00554331 0.0982865 0.11996
0.14955 0.00563461 0.0989828 0.120795
0.150623 0.0057268 0.099679 0.121629
0.151696 0.00581986 0.100375 0.122462
0.152768 0.0059138 0.101072 0.123295
0.153841 0.00600865 0.101768 0.124126
0.154914 0.00610438 0.102465 0.124957
0.155987 0.00620099 0.103161 0.125788
0.157059 0.0062985 0.103858 0.126618
0.158132 0.00639691 0.104555 0.127446
0.159204 0.00649622 0.105252 0.128275
0.160276 0.00659646 0.105949 0.129102
0.161349 0.00669761 0.106646 0.129929
0.162421 0.00679966 0.107343 0.130755
0.163493 0.00690262 0.10804 0.13158
0.164565 0.0070065 0.108738 0.132405
0.165637 0.00711131 0.109435 0.133229
0.166708 0.00721703 0.110133 0.134052
0.16778 0.00732367 0.110831 0.134874
0.168852 0.00743127 0.111529 0.135696
0.169923 0.00753977 0.112227 0.136516
0.170995 0.00764923 0.112925 0.137337
0.172066 0.00775962 0.113624 0.138156
0.173137 0.00787094 0.114322 0.138974
0.174208 0.00798321 0.115021 0.139792
0.175279 0.00809642 0.11572 0.140609
0.17635 0.0082106 0.116419 0.141425
0.177421 0.00832575 0.117119 0.14224
0.178492 0.00844186 0.117818 0.143055
0.179562 0.00855893 0.118518 0.143869
0.180633 0.00867698 0.119218 0.144682
0.181703 0.00879598 0.119918 0.145494
0.182774 0.00891594 0.120618 0.146306
0.183844 0.00903687 0.121319 0.147116
0.184914 0.00915877 0.12202 0.147926
0.185984 0.00928164 0.122721 0.148735
0.187054 0.00940553 0.123422 0.149543
0.188123 0.00953039 0.124124 0.15035
0.189193 0.00965626 0.124826 0.151157
0.190262 0.00978309 0.125528 0.151962
0.191332 0.00991096 0.12623 0.152767
0.192401 0.0100398 0.126933 0.153571
0.19347 0.0101696 0.127636 0.154374
0.194539 0.0103005 0.128339 0.155177
0.195608 0.0104323 0.129042 0.155978
0.196677 0.0105651 0.129746 0.156778
0.197746 0.0106988 0.13045 0.157578
0.198814 0.0108336 0.131155 0.158377
0.199883 0.0109695 0.131859 0.159175
0.200951 0.0111063 0.132564 0.159972
0.202019 0.0112442 0.13327 0.160768
0.203087 0.0113831 0.133975 0.161563
0.204155 0.0115231 0.134681 0.162358
0.205222 0.011664 0.135387 0.163151
0.20629 0.011806 0.136094 0.163944
0.207358 0.0119491 0.136801 0.164736
0.208425 0.0120932 0.137508 0.165526
0.209492 0.0122383 0.138216 0.166316
0.210559 0.0123844 0.138924 0.167105
0.211626 0.0125316 0.139632 0.167893
0.212693 0.0126798 0.140341 0.168681
0.213759 0.0128291 0.14105 0.169467
0.214826 0.0129794 0.141759 0.170252
0.215892 0.0131308 0.142469 0.171037
0.216958 0.0132832 0.143179 0.17182
0.218024 0.0134367 0.14389 0.172603
0.21909 0.0135913 0.144601 0.173384
0.220156 0.013747 0.145312 0.174165
0.221221 0.0139037 0.146024 0.174944
0.222287 0.0140615 0.146736 0.175723
0.223352 0.0142203 0.147449 0.176501
0.224417 0.0143803 0.148162 0.177278
0.225482 0.0145413 0.148875 0.178054
0.226546 0.0147034 0.149589 0.178829
0.227611 0.0148666 0.150304 0.179603
0.228675 0.0150309 0.151018 0.180376
0.22974 0.0151962 0.151734 0.181147
0.230804 0.0153626 0.152449 0.181918
0.231868 0.0155301 0.153165 0.182688
0.232931 0.0156987 0.153882 0.183457
0.233995 0.0158684 0.154599 0.184225
0.235058 0.0160392 0.155316 0.184992
0.236121 0.0162111 0.156034 0.185758
0.237184 0.0163842 0.156752 0.186523
0.238247 0.0165583 0.157471 0.187287
0.23931 0.0167335 0.15819 0.18805
0.240372 0.0169099 0.15891 0.188812
0.241435 0.0170874 0.15963 0.189573
0.242497 0.017266 0.160351 0.190333
0.243558 0.0174457 0.161072 0.191092
0.24462 0.0176265 0.161794 0.19185
0.245682 0.0178085 0.162516 0.192606
0.246743 0.0179916 0.163239 0.193362
0.247804 0.0181759 0.163962 0.194117
0.248865 0.0183612 0.164686 0.19487
0.249926 0.0185477 0.16541 0.195623
0.250986 0.0187353 0.166135 0.196375
0.252047 0.0189241 0.16686 0.197125
0.253107 0.0191139 0.167586 0.197874
0.254167 0.019305 0.168313 0.198623
0.255226 0.0194971 0.169039 0.19937
0.256286 0.0196905 0.169767 0.200116
0.257345 0.019885 0.170495 0.200861
0.258404 0.0200806 0.171223 0.201605
0.259463 0.0202774 0.171952 0.202348
0.260522 0.0204753 0.172682 0.20309
0.26158 0.0206744 0.173412 0.203831
0.262638 0.0208747 0.174143 0.20457
0.263696 0.0210761 0.174874 0.205309
0.264754 0.0212788 0.175606 0.206047
0.265812 0.0214825 0.176338 0.206783
0.266869 0.0216875 0.177071 0.207518
0.267926 0.0218936 0.177804 0.208252
0.268983 0.0221009 0.178539 0.208985
0.270039 0.0223094 0.179273 0.209717
0.271096 0.0225191 0.180008 0.210448
0.272152 0.02273 0.180744 0.211178
0.273208 0.022942 0.181481 0.211906
0.274264 0.0231552 0.182218 0.212634
0.275319 0.0233696 0.182955 0.21336
0.276374 0.0235852 0.183693 0.214085
0.277429 0.023802 0.184432 0.214809
0.278484 0.02402 0.185171 0.215532
0.279538 0.0242391 0.185911 0.216253
0.280593 0.0244595 0.186652 0.216974
0.281646 0.024681 0.187393 0.217693
0.2827 0.0249038 0.188135 0.218411
0.283754 0.0251277 0.188877 0.219128
0.284807 0.0253528 0.18962 0.219844
0.28586 0.0255792 0.190364 0.220558
0.286912 0.0258067 0.191108 0.221272
0.287965 0.0260355 0.191853 0.221984
0.289017 0.0262655 0.192599 0.222695
0.290069 0.0264967 0.193345 0.223405
0.29112 0.0267291 0.194092 0.224114
0.292172 0.0269628 0.194839 0.224821
0.293223 0.0271977 0.195587 0.225528
0.294274 0.0274338 0.196335 0.226233
0.295324 0.0276711 0.197085 0.226937
0.296374 0.0279097 0.197835 0.227639
0.297424 0.0281494 0.198585 0.228341
0.298474 0.0283904 0.199337 0.229041
0.299523 0.0286327 0.200088 0.22974
0.300573 0.0288762 0.200841 0.230438
0.301621 0.0291209 0.201594 0.231135
0.30267 0.0293669 0.202348 0.23183
0.303718 0.0296141 0.203102 0.232524
0.304766 0.0298625 0.203857 0.233217
0.305814 0.0301122 0.204613 0.233909
0.306861 0.0303632 0.205369 0.234599
0.307908 0.0306154 0.206126 0.235289
0.308955 0.0308688 0.206884 0.235977
0.310001 0.0311234 0.207642 0.236663
0.311048 0.0313793 0.208402 0.237349
0.312093 0.0316365 0.209161 0.238033
0.313139 0.0318948 0.209922 0.238716
0.314184 0.0321545 0.210683 0.239397
0.315229 0.0324154 0.211445 0.240078
0.316274 0.0326776 0.212207 0.240757
0.317318 0.032941 0.21297 0.241435
0.318362 0.0332057 0.213734 0.242111
0.319405 0.0334716 0.214498 0.242787
0.320449 0.0337388 0.215263 0.243461
0.321492 0.0340074 0.216029 0.244134
0.322534 0.0342771 0.216795 0.244805
0.323577 0.0345481 0.217562 0.245475
0.324619 0.0348205 0.21833 0.246144
0.32566 0.035094 0.219099 0.246812
0.326702 0.0353689 0.219868 0.247478
0.327743 0.035645 0.220638 0.248143
0.328783 0.0359225 0.221408 0.248807
0.329824 0.0362011 0.222179 0.249469
0.330864 0.0364811 0.222951 0.25013
0.331903 0.0367624 0.223724 0.25079
0.332943 0.0370449 0.224497 0.251449
0.333981 0.0373288 0.225271 0.252106
0.33502 0.0376139 0.226046 0.252762
0.336058 0.0379003 0.226821 0.253416
0.337096 0.038188 0.227597 0.25407
0.338134 0.038477 0.228374 0.254721
0.339171 0.0387672 0.229151 0.255372
0.340208 0.0390588 0.229929 0.256021
0.341244 0.0393516 0.230708 0.256669
0.34228 0.0396458 0.231487 0.257316
0.343316 0.0399412 0.232268 0.257961
0.344351 0.040238 0.233048 0.258605
0.345386 0.040536 0.23383 0.259248
0.346421 0.0408354 0.234612 0.259889
0.347455 0.041136 0.235395 0.260529
0.348488 0.041438 0.236179 0.261167
0.349522 0.0417412 0.236963 0.261804
0.350555 0.0420458 0.237748 0.26244
0.351588 0.0423516 0.238534 0.263075
0.35262 0.0426587 0.23932 0.263708
0.353652 0.0429672 0.240107 0.264339
0.354683 0.0432769 0.240895 0.26497
0.355714 0.0435879 0.241683 0.265599
0.356745 0.0439003 0.242473 0.266226
0.357775 0.0442139 0.243263 0.266852
0.358805 0.0445289 0.244053 0.267477
0.359835 0.0448452 0.244844 0.268101
0.360864 0.0451628 0.245636 0.268723
0.361892 0.0454817 0.246429 0.269344
0.362921 0.0458019 0.247222 0.269963
0.363949 0.0461235 0.248016 0.270581
0.364976 0.0464464 0.248811 0.271198
0.366003 0.0467706 0.249606 0.271813
0.36703 0.0470961 0.250403 0.272427
0.368056 0.0474229 0.251199 0.273039
0.369082 0.0477511 0.251997 0.27365
0.370107 0.0480806 0.252795 0.27426
0.371132 0.0484114 0.253594 0.274868
0.372156 0.0487436 0.254393 0.275475
0.37318 0.0490771 0.255194 0.27608
0.374204 0.0494119 0.255995 0.276685
0.375227 0.049748 0.256796 0.277287
0.37625 0.0500855 0.257598 0.277888
0.377272 0.0504243 0.258401 0.278488
0.378294 0.0507644 0.259205 0.279087
0.379316 0.0511059 0.260009 0.279684
0.380337 0.0514486 0.260814 0.28028
0.381357 0.0517928 0.26162 0.280874
0.382377 0.0521383 0.262426 0.281467
0.383397 0.0524851 0.263234 0.282058
0.384416 0.0528332 0.264041 0.282648
0.385435 0.0531827 0.26485 0.283237
0.386453 0.0535335 0.265659 0.283824
0.387471 0.0538856 0.266469 0.28441
0.388488 0.0542391 0.267279 0.284994
0.389505 0.054594 0.26809 0.285577
0.390521 0.0549501 0.268902 0.286158
0.391537 0.0553076 0.269715 0.286739
0.392553 0.0556665 0.270528 0.287317
0.393568 0.0560267 0.271342 0.287894
0.394582 0.0563882 0.272156 0.28847
0.395596 0.0567511 0.272971 0.289045
0.39661 0.0571153 0.273787 0.289618
0.397623 0.0574809 0.274604 0.290189
0.398635 0.0578478 0.275421 0.290759
0.399647 0.0582161 0.276238 0.291328
0.400659 0.0585857 0.277057 0.291895
0.40167 0.0589566 0.277876 0.292461
0.402681 0.0593289 0.278696 0.293025
0.403691 0.0597025 0.279516 0.293588
0.4047 0.0600775 0.280337 0.29415
0.40571 0.0604538 0.281159 0.29471
0.406718 0.0608314 0.281982 0.295268
0.407726 0.0612104 0.282805 0.295826
0.408734 0.0615908 0.283628 0.296381
0.409741 0.0619725 0.284453 0.296936
0.410747 0.0623555 0.285278 0.297488
0.411754 0.0627399 0.286104 0.29804
0.412759 0.0631257 0.28693 0.29859
0.413764 0.0635128 0.287757 0.299138
0.414769 0.0639012 0.288584 0.299685
0.415773 0.0642911 0.289413 0.300231
0.416776 0.0646822 0.290241 0.300775
0.417779 0.0650747 0.291071 0.301318
0.418781 0.0654686 0.291901 0.301859
0.419783 0.0658638 0.292732 0.302399
0.420784 0.0662604 0.293563 0.302938
0.421785 0.0666583 0.294395 0.303475
0.422785 0.0670576 0.295228 0.30401
0.423785 0.0674582 0.296061 0.304544
0.424784 0.0678602 0.296895 0.305077
0.425783 0.0682636 0.29773 0.305608
0.426781 0.0686683 0.298565 0.306138
0.427778 0.0690743 0.299401 0.306666
0.428775 0.0694818 0.300237 0.307193
0.429772 0.0698905 0.301074 0.307719
0.430768 0.0703007 0.301912 0.308243
0.431763 0.0707121 0.30275 0.308765
0.432758 0.071125 0.303589 0.309286
0.433752 0.0715391 0.304428 0.309806
0.434745 0.0719547 0.305268 0.310324
0.435739 0.0723716 0.306109 0.310841
0.436731 0.0727899 0.30695 0.311356
0.437723 0.0732095 0.307792 0.31187
0.438714 0.0736305 0.308634 0.312383
0.439705 0.0740528 0.309477 0.312894
0.440695 0.0744765 0.310321 0.313403
0.441685 0.0749015 0.311165 0.313912
0.442674 0.0753279 0.31201 0.314418
0.443662 0.0757557 0.312855 0.314924
0.44465 0.0761848 0.313701 0.315428
0.445637 0.0766152 0.314548 0.31593
0.446624 0.0770471 0.315395 0.316431
0.44761 0.0774803 0.316243 0.31693
0.448595 0.0779148 0.317091 0.317429
0.44958 0.0783507 0.31794 0.317925
0.450564 0.0787879 0.318789 0.31842
0.451548 0.0792266 0.319639 0.318914
0.452531 0.0796665 0.32049 0.319407
0.453513 0.0801078 0.321341 0.319897
0.454495 0.0805504 0.322193 0.320387
0.455476 0.0809945 0.323045 0.320875
0.456457 0.0814398 0.323898 0.321362
0.457437 0.0818865 0.324751 0.321847
0.458416 0.0823346 0.325605 0.322331
0.459395 0.082784 0.32646 0.322813
0.460373 0.0832348 0.327315 0.323294
0.461351 0.0836869 0.32817 0.323773
0.462328 0.0841404 0.329026 0.324252
0.463304 0.0845952 0.329883 0.324728
0.46428 0.0850513 0.33074 0.325203
0.465255 0.0855089 0.331598 0.325677
0.466229 0.0859677 0.332456 0.32615
0.467203 0.0864279 0.333315 0.326621
0.468176 0.0868895 0.334174 0.32709
0.469148 0.0873523 0.335034 0.327558
0.47012 0.0878166 0.335894 0.328025
0.471091 0.0882822 0.336755 0.32849
0.472062 0.0887491 0.337617 0.328954
0.473031 0.0892174 0.338479 0.329417
0.474001 0.089687 0.339341 0.329878
0.474969 0.090158 0.340204 0.330337
0.475937 0.0906303 0.341068 0.330796
0.476904 0.091104 0.341932 0.331253
0.477871 0.091579 0.342796 0.331708
0.478837 0.0920554 0.343661 0.332162
0.479802 0.0925331 0.344527 0.332615
0.480767 0.0930122 0.345393 0.333066
0.48173 0.0934926 0.346259 0.333516
0.482694 0.0939743 0.347126 0.333965
0.483656 0.0944574 0.347993 0.334412
0.484618 0.0949418 0.348861 0.334858
0.485579 0.0954275 0.34973 0.335302
0.48654 0.0959147 0.350599 0.335745
0.4875 0.0964031 0.351468 0.336186
0.488459 0.0968929 0.352338 0.336627
0.489417 0.097384 0.353209 0.337066
0.490375 0.0978765 0.354079 0.337503
0.491332 0.0983702 0.354951 0.337939
0.492289 0.0988654 0.355823 0.338374
0.493244 0.0993619 0.356695 0.338807
0.4942 0.0998597 0.357568 0.339239
0.495154 0.100359 0.358441 0.33967
0.496107 0.100859 0.359314 0.340099
0.49706 0.101361 0.360188 0.340527
0.498013 0.101864 0.361063 0.340954
0.498964 0.102369 0.361938 0.341379
0.499915 0.102875 0.362814 0.341803
0.500865 0.103382 0.36369 0.342226
0.501814 0.10389 0.364566 0.342647
0.502763 0.1044 0.365443 0.343067
0.503711 0.104911 0.36632 0.343485
0.504658 0.105424 0.367198 0.343903
0.505605 0.105937 0.368076 0.344319
0.506551 0.106453 0.368954 0.344733
0.507496 0.106969 0.369834 0.345146
0.50844 0.107487 0.370713 0.345558
0.509384 0.108006 0.371593 0.345969
0.510327 0.108526 0.372473 0.346378
0.511269 0.109048 0.373354 0.346786
0.51221 0.109571 0.374235 0.347193
0.513151 0.110095 0.375117 0.347598
0.514091 0.110621 0.375999 0.348002
0.51503 0.111148 0.376881 0.348405
0.515969 0.111676 0.377764 0.348807
0.516906 0.112206 0.378647 0.349207
0.517843 0.112737 0.379531 0.349606
0.51878 0.113269 0.380415 0.350003
0.519715 0.113803 0.381299 0.3504
0.52065 0.114338 0.382184 0.350795
0.521584 0.114874 0.383069 0.351189
0.522517 0.115412 0.383955 0.351581
0.52345 0.115951 0.384841 0.351972
0.524381 0.116491 0.385727 0.352362
0.525312 0.117032 0.386614 0.352751
0.526243 0.117575 0.387501 0.353138
0.527172 0.118119 0.388389 0.353525
0.528101 0.118664 0.389277 0.35391
0.529029 0.119211 0.390165 0.354293
0.529956 0.119759 0.391054 0.354676
0.530882 0.120308 0.391943 0.355057
0.531808 0.120859 0.392833 0.355437
0.532733 0.121411 0.393722 0.355816
0.533657 0.121964 0.394613 0.356193
0.53458 0.122519 0.395503 0.35657
0.535503 0.123074 0.396394 0.356945
0.536424 0.123632 0.397286 0.357318
0.537345 0.12419 0.398177 0.357691
0.538265 0.12475 0.399069 0.358063
0.539185 0.125311 0.399962 0.358433
0.540103 0.125873 0.400855 0.358802
0.541021 0.126436 0.401748 0.35917
0.541938 0.127001 0.402641 0.359536
0.542854 0.127567 0.403535 0.359902
0.54377 0.128135 0.404429 0.360266
0.544684 0.128703 0.405324 0.360629
0.545598 0.129273 0.406219 0.360991
0.546511 0.129845 0.407114 0.361352
0.547423 0.130417 0.40801 0.361711
0.548335 0.130991 0.408905 0.36207
0.549245 0.131566 0.409802 0.362427
0.550155 0.132142 0.410698 0.362783
0.551064 0.13272 0.411595 0.363138
0.551972 0.133299 0.412493 0.363491
0.55288 0.133879 0.41339 0.363844
0.553786 0.134461 0.414288 0.364195
0.554692 0.135043 0.415186 0.364546
0.555597 0.135627 0.416085 0.364895
0.556501 0.136212 0.416984 0.365243
0.557404 0.136799 0.417883 0.36559
0.558307 0.137387 0.418783 0.365936
0.559208 0.137976 0.419683 0.366281
0.560109 0.138566 0.420583 0.366624
0.561009 0.139158 0.421483 0.366967
0.561908 0.13975 0.422384 0.367308
0.562806 0.140345 0.423285 0.367649
0.563704 0.14094 0.424187 0.367988
0.564601 0.141536 0.425088 0.368326
0.565496 0.142134 0.42599 0.368663
0.566391 0.142733 0.426893 0.368999
0.567286 0.143334 0.427795 0.369334
0.568179 0.143935 0.428699 0.369668
0.569071 0.144538 0.429602 0.370001
0.569963 0.145142 0.430505 0.370333
0.570854 0.145748 0.431409 0.370663
0.571744 0.146354 0.432313 0.370993
0.572633 0.146962 0.433218 0.371322
0.573521 0.147571 0.434123 0.371649
0.574408 0.148181 0.435028 0.371976
0.575295 0.148793 0.435933 0.372302
0.57618 0.149406 0.436839 0.372626
0.577065 0.15002 0.437745 0.37295
0.577949 0.150635 0.438651 0.373272
0.578832 0.151252 0.439558 0.373594
0.579715 0.151869 0.440464 0.373914
0.580596 0.152488 0.441371 0.374234
0.581476 0.153108 0.442279 0.374552
0.582356 0.15373 0.443187 0.37487
0.583235 0.154352 0.444094 0.375187
0.584113 0.154976 0.445003 0.375502
0.58499 0.155601 0.445911 0.375817
0.585866 0.156228 0.44682 0.376131
0.586741 0.156855 0.447729 0.376443
0.587616 0.157484 0.448639 0.376755
0.588489 0.158114 0.449548 0.377066
0.589362 0.158745 0.450458 0.377376
0.590234 0.159377 0.451368 0.377685
0.591105 0.160011 0.452279 0.377993
0.591975 0.160646 0.453189 0.3783
0.592844 0.161282 0.4541 0.378606
0.593712 0.161919 0.455012 0.378912
0.59458 0.162557 0.455923 0.379216
0.595446 0.163197 0.456835 0.37952
0.596312 0.163837 0.457747 0.379822
0.597176 0.164479 0.458659 0.380124
0.59804 0.165123 0.459572 0.380425
0.598903 0.165767 0.460485 0.380725
0.599765 0.166413 0.461398 0.381024
0.600627 0.167059 0.462311 0.381322
0.601487 0.167707 0.463225 0.38162
0.602346 0.168356 0.464139 0.381916
0.603205 0.169007 0.465053 0.382212
0.604062 0.169658 0.465968 0.382507
0.604919 0.170311 0.466882 0.382801
0.605775 0.170965 0.467797 0.383094
0.60663 0.17162 0.468713 0.383386
0.607484 0.172276 0.469628 0.383678
0.608337 0.172933 0.470544 0.383968
0.609189 0.173592 0.47146 0.384258
0.61004 0.174252 0.472376 0.384547
0.610891 0.174912 0.473293 0.384836
0.61174 0.175574 0.474209 0.385123
0.612589 0.176238 0.475126 0.38541
0.613436 0.176902 0.476044 0.385696
0.614283 0.177568 0.476961 0.385981
0.615129 0.178234 0.477879 0.386266
0.615974 0.178902 0.478797 0.386549
0.616818 0.179571 0.479716 0.386832
0.617661 0.180241 0.480634 0.387114
0.618503 0.180913 0.481553 0.387396
0.619344 0.181585 0.482472 0.387676
0.620184 0.182259 0.483391 0.387956
0.621024 0.182934 0.484311 0.388236
0.621862 0.18361 0.485231 0.388514
0.6227 0.184287 0.486151 0.388792
0.623536 0.184965 0.487071 0.389069
0.624372 0.185644 0.487992 0.389345
0.625207 0.186325 0.488913 0.389621
0.626041 0.187006 0.489834 0.389896
0.626874 0.187689 0.490755 0.390171
0.627706 0.188373 0.491677 0.390444
0.628537 0.189058 0.492599 0.390717
0.629367 0.189744 0.493521 0.39099
0.630196 0.190432 0.494443 0.391261
0.631024 0.19112 0.495366 0.391533
0.631851 0.19181 0.496289 0.391803
0.632678 0.1925 0.497212 0.392073
0.633503 0.193192 0.498135 0.392342
0.634328 0.193885 0.499059 0.39261
0.635151 0.194579 0.499983 0.392878
0.635974 0.195274 0.500907 0.393146
0.636796 0.19597 0.501831 0.393412
0.637616 0.196668 0.502756 0.393679
0.638436 0.197366 0.503681 0.393944
0.639255 0.198066 0.504606 0.394209
0.640073 0.198766 0.505532 0.394473
0.64089 0.199468 0.506457 0.394737
0.641706 0.200171 0.507383 0.395001
0.642521 0.200875 0.508309 0.395263
0.643335 0.20158 0.509236 0.395525
0.644148 0.202286 0.510163 0.395787
0.644961 0.202993 0.51109 0.396048
0.645772 0.203702 0.512017 0.396309
0.646582 0.204411 0.512945 0.396569
0.647392 0.205122 0.513873 0.396829
0.6482 0.205833 0.514802 0.397088
0.649008 0.206546 0.515731 0.397347
0.649814 0.20726 0.51666 0.397606
0.65062 0.207974 0.51759 0.397863
0.651424 0.20869 0.51852 0.398121
0.652228 0.209407 0.51945 0.398378
0.653031 0.210125 0.52038 0.398634
0.653833 0.210844 0.52131 0.39889
0.654633 0.211564 0.522241 0.399146
0.655433 0.212285 0.523172 0.399401
0.656232 0.213008 0.524104 0.399655
0.65703 0.213731 0.525035 0.39991
0.657827 0.214455 0.525967 0.400163
0.658623 0.215181 0.526899 0.400417
0.659418 0.215907 0.527832 0.400669
0.660212 0.216635 0.528764 0.400922
0.661005 0.217363 0.529697 0.401174
0.661798 0.218093 0.530631 0.401426
0.662589 0.218824 0.531564 0.401677
0.663379 0.219555 0.532498 0.401928
0.664168 0.220288 0.533432 0.402178
0.664957 0.221022 0.534366 0.402429
0.665744 0.221757 0.535301 0.402678
0.66653 0.222493 0.536236 0.402928
0.667316 0.223229 0.537171 0.403177
0.6681 0.223967 0.538106 0.403426
0.668884 0.224706 0.539042 0.403674
0.669666 0.225446 0.539978 0.403922
0.670448 0.226187 0.540915 0.40417
0.671229 0.226929 0.541851 0.404417
0.672008 0.227672 0.542788 0.404664
0.672787 0.228416 0.543725 0.404911
0.673564 0.229161 0.544663 0.405158
0.674341 0.229907 0.545601 0.405404
0.675117 0.230655 0.546539 0.40565
0.675892 0.231403 0.547477 0.405895
0.676665 0.232152 0.548416 0.406141
0.677438 0.232902 0.549355 0.406386
0.67821 0.233653 0.550294 0.406631
0.678981 0.234405 0.551234 0.406875
0.679751 0.235158 0.552174 0.40712
0.68052 0.235912 0.553114 0.407364
0.681288 0.236667 0.554054 0.407608
0.682055 0.237423 0.554995 0.407851
0.682821 0.23818 0.555936 0.408095
0.683586 0.238939 0.556878 0.408338
0.68435 0.239698 0.557819 0.408581
0.685113 0.240458 0.558761 0.408824
0.685875 0.241219 0.559704 0.409067
0.686636 0.241981 0.560646 0.409309
0.687396 0.242744 0.561589 0.409552
0.688155 0.243508 0.562533 0.409794
0.688913 0.244272 0.563476 0.410036
0.68967 0.245038 0.56442 0.410278
0.690427 0.245805 0.565364 0.41052
0.691182 0.246573 0.566309 0.410761
0.691936 0.247342 0.567254 0.411003
0.692689 0.248112 0.568199 0.411244
0.693442 0.248882 0.569145 0.411485
0.694193 0.249654 0.570091 0.411726
0.694943 0.250427 0.571037 0.411967
0.695693 0.2512 0.571984 0.412208
0.696441 0.251975 0.57293 0.412449
0.697188 0.25275 0.573878 0.41269
0.697935 0.253526 0.574825 0.41293
0.69868 0.254304 0.575773 0.413171
0.699425 0.255082 0.576722 0.413412
0.700168 0.255861 0.57767 0.413652
0.70091 0.256642 0.578619 0.413893
0.701652 0.257423 0.579569 0.414133
0.702392 0.258205 0.580518 0.414373
0.703132 0.258988 0.581468 0.414614
0.70387 0.259772 0.582419 0.414854
0.704608 0.260557 0.58337 0.415094
0.705344 0.261342 0.584321 0.415335
0.70608 0.262129 0.585272 0.415575
0.706815 0.262917 0.586224 0.415816
0.707548 0.263705 0.587176 0.416056
0.708281 0.264495 0.588129 0.416296
0.709012 0.265285 0.589082 0.416537
0.709743 0.266076 0.590035 0.416777
0.710472 0.266869 0.590989 0.417018
0.711201 0.267662 0.591943 0.417258
0.711929 0.268456 0.592897 0.417499
0.712655 0.26925 0.593852 0.41774
0.713381 0.270046 0.594807 0.41798
0.714106 0.270843 0.595763 0.418221
0.71483 0.27164 0.596719 0.418462
0.715552 0.272439 0.597676 0.418703
0.716274 0.273238 0.598632 0.418944
0.716995 0.274039 0.59959 0.419186
0.717715 0.27484 0.600547 0.419427
0.718433 0.275642 0.601505 0.419669
0.719151 0.276445 0.602464 0.41991
0.719868 0.277248 0.603422 0.420152
0.720584 0.278053 0.604382 0.420394
0.721299 0.278859 0.605341 0.420636
0.722013 0.279665 0.606301 0.420878
0.722725 0.280472 0.607262 0.421121
0.723437 0.281281 0.608222 0.421363
0.724148 0.28209 0.609184 0.421606
0.724858 0.2829 0.610145 0.421849
0.725567 0.28371 0.611108 0.422092
0.726275 0.284522 0.61207 0.422336
0.726982 0.285335 0.613033 0.422579
0.727688 0.286148 0.613996 0.422823
0.728393 0.286962 0.61496 0.423067
0.729097 0.287777 0.615925 0.423311
0.7298 0.288593 0.616889 0.423556
0.730502 0.28941 0.617854 0.423801
0.731203 0.290228 0.61882 0.424046
0.731903 0.291046 0.619786 0.424291
0.732602 0.291865 0.620752 0.424537
0.7333 0.292686 0.621719 0.424783
0.733997 0.293507 0.622687 0.425029
0.734693 0.294328 0.623655 0.425275
0.735388 0.295151 0.624623 0.425522
0.736082 0.295974 0.625592 0.425769
0.736775 0.296799 0.626561 0.426016
0.737467 0.297624 0.627531 0.426264
0.738159 0.29845 0.628501 0.426512
0.738849 0.299277 0.629472 0.42676
0.739538 0.300104 0.630443 0.427009
0.740226 0.300933 0.631414 0.427258
0.740913 0.301762 0.632386 0.427507
0.7416 0.302592 0.633359 0.427757
0.742285 0.303423 0.634332 0.428007
0.742969 0.304255 0.635306 0.428258
0.743652 0.305087 0.63628 0.428509
0.744335 0.30592 0.637254 0.42876
0.745016 0.306754 0.638229 0.429012
0.745696 0.307589 0.639205 0.429264
0.746376 0.308425 0.640181 0.429516
0.747054 0.309262 0.641157 0.429769
0.747732 0.310099 0.642134 0.430023
0.748408 0.310937 0.643112 0.430276
0.749083 0.311776 0.64409 0.430531
0.749758 0.312616 0.645068 0.430785
0.750431 0.313456 0.646048 0.431041
0.751104 0.314297 0.647027 0.431296
0.751775 0.315139 0.648007 0.431553
0.752446 0.315982 0.648988 0.431809
0.753115 0.316826 0.649969 0.432066
0.753784 0.31767 0.650951 0.432324
0.754451 0.318515 0.651933 0.432582
0.755118 0.319361 0.652916 0.432841
0.755783 0.320208 0.653899 0.4331
0.756448 0.321056 0.654883 0.43336
0.757112 0.321904 0.655868 0.43362
0.757774 0.322753 0.656852 0.433881
0.758436 0.323603 0.657838 0.434142
0.759097 0.324453 0.658824 0.434404
0.759757 0.325304 0.659811 0.434666
0.760416 0.326156 0.660798 0.434929
0.761073 0.327009 0.661786 0.435193
0.76173 0.327863 0.662774 0.435457
0.762386 0.328717 0.663763 0.435722
0.763041 0.329572 0.664753 0.435987
0.763695 0.330428 0.665743 0.436253
0.764348 0.331284 0.666733 0.43652
0.765 0.332141 0.667725 0.436787
0.765651 0.332999 0.668717 0.437055
0.766301 0.333858 0.669709 0.437323
0.76695 0.334717 0.670702 0.437592
0.767598 0.335578 0.671696 0.437862
0.768245 0.336439 0.67269 0.438133
0.768891 0.3373 0.673685 0.438404
0.769537 0.338163 0.67468 0.438676
0.770181 0.339026 0.675676 0.438948
0.770824 0.339889 0.676673 0.439221
0.771466 0.340754 0.67767 0.439495
0.772108 0.341619 0.678668 0.43977
0.772748 0.342485 0.679666 0.440045
0.773387 0.343352 0.680665 0.440321
0.774026 0.344219 0.681665 0.440598
0.774663 0.345087 0.682665 0.440875
0.775299 0.345956 0.683667 0.441153
0.775935 0.346826 0.684668 0.441432
0.77657 0.347696 0.68567 0.441712
0.777203 0.348567 0.686673 0.441993
0.777836 0.349438 0.687677 0.442274
0.778467 0.350311 0.688681 0.442556
0.779098 0.351184 0.689686 0.442839
0.779728 0.352057 0.690691 0.443122
0.780356 0.352932 0.691697 0.443407
0.780984 0.353807 0.692704 0.443692
0.781611 0.354683 0.693712 0.443978
0.782237 0.355559 0.69472 0.444265
0.782862 0.356436 0.695729 0.444553
0.783486 0.357314 0.696738 0.444842
0.784109 0.358193 0.697748 0.445131
0.784731 0.359072 0.698759 0.445421
0.785352 0.359952 0.699771 0.445713
0.785972 0.360832 0.700783 0.446004
0.786591 0.361713 0.701796 0.446297
0.78721 0.362595 0.702809 0.446591
0.787827 0.363478 0.703824 0.446886
0.788443 0.364361 0.704839 0.447181
0.789059 0.365245 0.705854 0.447478
0.789673 0.366129 0.706871 0.447775
0.790287 0.367014 0.707888 0.448074
0.790899 0.3679 0.708906 0.448373
0.791511 0.368787 0.709924 0.448673
0.792121 0.369674 0.710944 0.448974
0.792731 0.370562 0.711964 0.449276
0.79334 0.37145 0.712984 0.449579
0.793948 0.372339 0.714006 0.449883
0.794554 0.373229 0.715028 0.450188
0.79516 0.374119 0.716051 0.450494
0.795765 0.37501 0.717074 0.450801
0.796369 0.375902 0.718099 0.451109
0.796972 0.376794 0.719124 0.451418
0.797575 0.377687 0.72015 0.451728
0.798176 0.378581 0.721176 0.452039
0.798776 0.379475 0.722203 0.452352
0.799375 0.38037 0.723231 0.452665
0.799974 0.381265 0.72426 0.452979
0.800571 0.382161 0.72529 0.453294
0.801167 0.383058 0.72632 0.45361
0.801763 0.383955 0.727351 0.453928
0.802358 0.384853 0.728383 0.454246
0.802951 0.385752 0.729416 0.454566
0.803544 0.386651 0.730449 0.454886
0.804136 0.387551 0.731484 0.455208
0.804727 0.388451 0.732519 0.455531
0.805317 0.389352 0.733554 0.455855
0.805905 0.390254 0.734591 0.45618
0.806493 0.391156 0.735628 0.456506
0.807081 0.392059 0.736667 0.456834
0.807667 0.392963 0.737705 0.457162
0.808252 0.393867 0.738745 0.457492
0.808836 0.394772 0.739786 0.457823
0.80942 0.395677 0.740827 0.458155
0.810002 0.396583 0.741869 0.458488
0.810584 0.397489 0.742912 0.458823
0.811164 0.398396 0.743956 0.459158
0.811744 0.399304 0.745001 0.459495
0.812323 0.400212 0.746046 0.459833
0.812901 0.401121 0.747093 0.460172
0.813478 0.402031 0.74814 0.460513
0.814053 0.402941 0.749188 0.460854
0.814629 0.403851 0.750236 0.461197
0.815203 0.404762 0.751286 0.461542
0.815776 0.405674 0.752336 0.461887
0.816348 0.406586 0.753388 0.462234
0.81692 0.407499 0.75444 0.462582
0.81749 0.408413 0.755493 0.462931
0.81806 0.409327 0.756547 0.463281
0.818628 0.410241 0.757602 0.463633
0.819196 0.411156 0.758657 0.463986
0.819763 0.412072 0.759714 0.464341
0.820329 0.412988 0.760771 0.464697
0.820894 0.413905 0.761829 0.465054
0.821458 0.414823 0.762889 0.465412
0.822021 0.415741 0.763948 0.465772
0.822584 0.416659 0.765009 0.466133
0.823145 0.417578 0.766071 0.466496
0.823706 0.418498 0.767134 0.466859
0.824265 0.419418 0.768197 0.467225
0.824824 0.420339 0.769262 0.467591
0.825382 0.42126 0.770327 0.467959
0.825939 0.422182 0.771393 0.468329
0.826494 0.423104 0.77246 0.4687
0.82705 0.424027 0.773528 0.469072
0.827604 0.424951 0.774597 0.469446
0.828157 0.425875 0.775667 0.469821
0.828709 0.426799 0.776738 0.470197
0.829261 0.427724 0.777809 0.470575
0.829811 0.42865 0.778882 0.470955
0.830361 0.429576 0.779955 0.471336
0.83091 0.430503 0.78103 0.471718
0.831457 0.43143 0.782105 0.472102
0.832004 0.432358 0.783181 0.472488
0.83255 0.433286 0.784258 0.472875
0.833096 0.434215 0.785336 0.473263
0.83364 0.435144 0.786415 0.473653
0.834183 0.436074 0.787495 0.474045
0.834726 0.437005 0.788576 0.474438
0.835267 0.437936 0.789658 0.474832
0.835808 0.438867 0.790741 0.475228
0.836348 0.439799 0.791825 0.475626
0.836887 0.440731 0.792909 0.476025
0.837425 0.441664 0.793995 0.476426
0.837962 0.442598 0.795082 0.476828
0.838498 0.443532 0.796169 0.477232
0.839034 0.444466 0.797258 0.477638
0.839568 0.445401 0.798347 0.478045
0.840102 0.446337 0.799438 0.478454
0.840634 0.447273 0.800529 0.478864
0.841166 0.448209 0.801622 0.479276
0.841697 0.449146 0.802715 0.47969
0.842227 0.450084 0.80381 0.480105
0.842757 0.451022 0.804905 0.480522
0.843285 0.45196 0.806001 0.480941
0.843812 0.452899 0.807099 0.481362
0.844339 0.453839 0.808197 0.481784
0.844865 0.454779 0.809296 0.482207
0.845389 0.455719 0.810397 0.482633
0.845913 0.45666 0.811498 0.48306
0.846436 0.457602 0.8126 0.483489
0.846959 0.458544 0.813704 0.483919
0.84748 0.459486 0.814808 0.484352
0.848 0.460429 0.815913 0.484786
0.84852 0.461372 0.81702 0.485222
0.849039 0.462316 0.818127 0.485659
0.849557 0.46326 0.819236 0.486099
0.850074 0.464205 0.820345 0.48654
0.85059 0.46515 0.821455 0.486983
0.851105 0.466096 0.822567 0.487427
0.85162 0.467042 0.82368 0.487874
0.852133 0.467989 0.824793 0.488322
0.852646 0.468936 0.825908 0.488772
0.853158 0.469884 0.827023 0.489224
0.853669 0.470832 0.82814 0.489678
0.854179 0.47178 0.829258 0.490134
0.854688 0.472729 0.830377 0.490591
0.855197 0.473678 0.831497 0.491051
0.855704 0.474628 0.832617 0.491512
0.856211 0.475579 0.833739 0.491975
0.856717 0.476529 0.834862 0.49244
0.857222 0.477481 0.835986 0.492907
0.857726 0.478432 0.837111 0.493376
0.858229 0.479385 0.838237 0.493847
0.858732 0.480337 0.839364 0.494319
0.859233 0.48129 0.840493 0.494794
0.859734 0.482244 0.841622 0.495271
0.860233 0.483198 0.842752 0.495749
0.860732 0.484152 0.843883 0.49623
0.861231 0.485107 0.845016 0.496712
0.861728 0.486062 0.846149 0.497197
0.862224 0.487018 0.847284 0.497683
0.86272 0.487974 0.848419 0.498172
0.863214 0.488931 0.849556 0.498663
0.863708 0.489888 0.850694 0.499155
0.864201 0.490846 0.851833 0.49965
0.864693 0.491804 0.852972 0.500147
0.865184 0.492762 0.854113 0.500646
0.865675 0.493721 0.855255 0.501147
0.866164 0.49468 0.856398 0.50165
0.866653 0.49564 0.857542 0.502155
0.86714 0.496601 0.858687 0.502662
0.867627 0.497561 0.859833 0.503172
0.868113 0.498522 0.860981 0.503684
0.868598 0.499484 0.862129 0.504198
0.869082 0.500446 0.863278 0.504714
0.869566 0.501408 0.864428 0.505232
0.870048 0.502371 0.865579 0.505753
0.870529 0.503335 0.86673 0.506276
0.87101 0.504299 0.867883 0.506802
0.871489 0.505263 0.869035 0.507331
0.871967 0.506228 0.870187 0.507862
0.872444 0.507194 0.871335 0.508398
0.87292 0.50816 0.872468 0.508946
0.873394 0.509127 0.873136 0.509574

