0 0 0 0
0.00107699 2.56806e-10 0.000838104 0.000822325
0.00215398 3.70238e-07 0.00167719 0.0016436
0.00323097 1.47899e-06 0.00251725 0.0024642
0.00430796 3.32886e-06 0.00335829 0.00328412
0.00538495 5.91817e-06 0.00420027 0.00410335
0.00646194 9.25072e-06 0.00504322 0.00492192
0.00753892 1.33241e-05 0.00588709 0.00573979
0.0086159 1.81446e-05 0.00673191 0.006557
0.00969288 2.37078e-05 0.00757761 0.00737351
0.0107698 3.00213e-05 0.00842433 0.00818938
0.0118468 3.70725e-05 0.00927185 0.00900453
0.0129238 4.4877e-05 0.0101202 0.009819
0.0140007 5.34378e-05 0.0109697 0.0106329
0.0150777 6.27351e-05 0.01182 0.011446
0.0161546 7.27764e-05 0.0126711 0.0122585
0.0172316 8.35683e-05 0.013523 0.0130702
0.0183085 9.51219e-05 0.0143756 0.0138813
0.0193854 0.000107443 0.0152294 0.0146918
0.0204623 0.000120503 0.0160841 0.0155016
0.0215392 0.000134307 0.0169396 0.0163107
0.0226161 0.000148853 0.0177958 0.0171191
0.023693 0.000164149 0.0186529 0.0179268
0.0247699 0.0001802 0.0195107 0.0187339
0.0258467 0.000197002 0.0203692 0.0195402
0.0269236 0.000214574 0.0212285 0.0203459
0.0280004 0.000232895 0.0220885 0.0211508
0.0290772 0.000251997 0.0229491 0.0219551
0.030154 0.000271866 0.023811 0.0227589
0.0312308 0.00029248 0.0246738 0.023562
0.0323076 0.000313836 0.0255373 0.0243644
0.0333844 0.000335939 0.0264015 0.0251661
0.0344611 0.000358813 0.0272664 0.0259671
0.0355379 0.000382415 0.0281321 0.0267675
0.0366146 0.000406759 0.0289985 0.0275671
0.0376913 0.000431877 0.0298655 0.0283661
0.038768 0.000457745 0.0307333 0.0291644
0.0398446 0.000484369 0.0316017 0.029962
0.0409213 0.000511733 0.0324708 0.0307589
0.0419979 0.000539871 0.0333406 0.0315551
0.0430745 0.000568769 0.034211 0.0323507
0.0441511 0.000598407 0.0350821 0.0331456
0.0452276 0.00062881 0.0359538 0.0339398
0.0463042 0.000659991 0.0368261 0.0347333
0.0473807 0.000691924 0.037699 0.0355261
0.0484572 0.000724627 0.0385725 0.0363183
0.0495337 0.000758096 0.0394466 0.0371098
0.0506101 0.000792321 0.0403213 0.0379006
0.0516865 0.000827301 0.0411966 0.0386907
0.0527629 0.000863056 0.0420725 0.0394801
0.0538393 0.00089959 0.0429489 0.0402688
0.0549156 0.000936907 0.0438266 0.0410571
0.055992 0.000974963 0.044705 0.0418448
0.0570683 0.00101375 0.0455839 0.0426317
0.0581445 0.00105327 0.0464635 0.0434179
0.0592208 0.00109356 0.0473436 0.0442035
0.060297 0.00113461 0.0482243 0.0449884
0.0613731 0.00117641 0.0491055 0.0457726
0.0624493 0.00121894 0.0499874 0.0465561
0.0635254 0.00126223 0.0508697 0.0473389
0.0646015 0.00130627 0.0517527 0.0481211
0.0656776 0.00135106 0.0526361 0.0489025
0.0667536 0.0013966 0.0535201 0.0496833
0.0678296 0.00144288 0.0544046 0.0504634
0.0689056 0.00148989 0.0552897 0.0512428
0.0699815 0.00153765 0.0561752 0.0520215
0.0710574 0.00158614 0.0570613 0.0527995
0.0721332 0.00163538 0.0579478 0.0535768
0.0732091 0.00168538 0.0588349 0.0543535
0.0742849 0.00173616 0.0597224 0.0551294
0.0753606 0.00178766 0.0606105 0.0559047
0.0764363 0.00183991 0.061499 0.0566793
0.077512 0.00189293 0.0623879 0.0574532
0.0785877 0.00194669 0.0632773 0.0582265
0.0796633 0.00200118 0.0641672 0.058999
0.0807389 0.00205637 0.0650576 0.0597708
0.0818144 0.00211232 0.0659483 0.0605419
0.0828899 0.00216902 0.0668395 0.0613123
0.0839654 0.00222647 0.0677312 0.0620821
0.0850408 0.00228468 0.0686233 0.0628511
0.0861162 0.00234363 0.0695158 0.0636195
0.0871915 0.00240329 0.0704087 0.0643871
0.0882668 0.0024637 0.071302 0.0651541
0.089342 0.00252486 0.0721957 0.0659204
0.0904173 0.00258676 0.0730898 0.0666859
0.0914924 0.00264939 0.0739843 0.0674508
0.0925675 0.00271277 0.0748792 0.068215
0.0936426 0.00277689 0.0757745 0.0689784
0.0947177 0.00284172 0.0766701 0.0697412
0.0957927 0.0029073 0.0775661 0.0705032
0.0968676 0.00297361 0.0784625 0.0712646
0.0979425 0.00304066 0.0793593 0.0720252
0.0990174 0.00310845 0.0802564 0.0727852
0.100092 0.00317699 0.0811538 0.0735445
0.101167 0.00324627 0.0820516 0.074303
0.102242 0.0033163 0.0829497 0.0750609
0.103316 0.00338702 0.0838482 0.075818
0.104391 0.00345848 0.084747 0.0765744
0.105465 0.00353066 0.0856461 0.0773301
0.10654 0.00360356 0.0865456 0.0780851
0.107614 0.0036772 0.0874453 0.0788394
0.108689 0.00375158 0.0883454 0.079593
0.109763 0.0038267 0.0892457 0.0803458
0.110838 0.00390254 0.0901464 0.081098
0.111912 0.00397912 0.0910474 0.0818494
0.112986 0.00405643 0.0919486 0.0826002
0.11406 0.00413444 0.0928502 0.0833502
0.115134 0.00421316 0.093752 0.0840994
0.116208 0.0042926 0.0946541 0.084848
0.117282 0.00437278 0.0955565 0.0855958
0.118356 0.00445369 0.0964591 0.0863429
0.11943 0.00453532 0.097362 0.0870893
0.120504 0.00461768 0.0982652 0.0878349
0.121578 0.00470077 0.0991686 0.0885799
0.122652 0.00478456 0.100072 0.0893241
0.123725 0.00486909 0.100976 0.0900676
0.124799 0.00495433 0.10188 0.0908103
0.125872 0.00504029 0.102785 0.0915524
0.126946 0.00512695 0.10369 0.0922936
0.128019 0.00521429 0.104594 0.0930342
0.129093 0.00530234 0.1055 0.0937739
0.130166 0.00539111 0.106405 0.094513
0.131239 0.00548059 0.10731 0.0952513
0.132313 0.00557079 0.108217 0.095989
0.133386 0.0056617 0.109124 0.0967261
0.134459 0.0057533 0.110031 0.0974625
0.135532 0.00584561 0.110939 0.0981981
0.136605 0.00593862 0.111847 0.098933
0.137678 0.00603232 0.112755 0.0996672
0.138751 0.00612671 0.113664 0.100401
0.139823 0.00622181 0.114572 0.101133
0.140896 0.0063176 0.115481 0.101865
0.141969 0.00641408 0.11639 0.102596
0.143041 0.00651126 0.117299 0.103327
0.144114 0.00660913 0.118209 0.104056
0.145186 0.00670764 0.119119 0.104785
0.146259 0.00680682 0.120029 0.105513
0.147331 0.00690671 0.120939 0.10624
0.148403 0.00700728 0.121849 0.106967
0.149476 0.00710853 0.12276 0.107693
0.150548 0.00721045 0.123671 0.108418
0.15162 0.00731305 0.124582 0.109142
0.152692 0.00741634 0.125493 0.109865
0.153764 0.0075203 0.126404 0.110588
0.154836 0.00762492 0.127316 0.11131
0.155908 0.00773021 0.128228 0.112031
0.156979 0.00783615 0.12914 0.112751
0.158051 0.00794277 0.130052 0.113471
0.159123 0.00805006 0.130964 0.114189
0.160194 0.00815803 0.131877 0.114907
0.161266 0.00826668 0.13279 0.115624
0.162337 0.00837599 0.133703 0.116341
0.163409 0.00848595 0.134616 0.117056
0.16448 0.00859656 0.135529 0.117771
0.165551 0.00870784 0.136442 0.118485
0.166622 0.00881977 0.137356 0.119198
0.167693 0.00893235 0.13827 0.11991
0.168764 0.00904559 0.139184 0.120622
0.169835 0.00915951 0.140098 0.121333
0.170906 0.00927407 0.141012 0.122043
0.171977 0.00938928 0.141927 0.122752
0.173048 0.00950512 0.142841 0.12346
0.174118 0.00962161 0.143756 0.124167
0.175189 0.00973877 0.144671 0.124874
0.176259 0.00985658 0.145586 0.12558
0.17733 0.00997506 0.146502 0.126285
0.1784 0.0100942 0.147417 0.126989
0.179471 0.010214 0.148333 0.127692
0.180541 0.0103344 0.149249 0.128395
0.181611 0.0104555 0.150164 0.129097
0.182681 0.0105772 0.151081 0.129797
0.183751 0.0106996 0.151997 0.130497
0.184821 0.0108225 0.152913 0.131197
0.185891 0.0109462 0.15383 0.131895
0.186961 0.0110704 0.154746 0.132592
0.18803 0.0111953 0.155663 0.133289
0.1891 0.0113209 0.15658 0.133985
0.19017 0.0114471 0.157497 0.13468
0.191239 0.011574 0.158415 0.135374
0.192309 0.0117015 0.159332 0.136067
0.193378 0.0118296 0.16025 0.13676
0.194447 0.0119583 0.161167 0.137451
0.195516 0.0120876 0.162085 0.138142
0.196586 0.0122174 0.163003 0.138832
0.197655 0.012348 0.163921 0.139521
0.198724 0.0124791 0.164839 0.140209
0.199792 0.0126109 0.165758 0.140896
0.200861 0.0127433 0.166676 0.141582
0.20193 0.0128763 0.167595 0.142268
0.202999 0.01301 0.168514 0.142952
0.204067 0.0131443 0.169433 0.143636
0.205136 0.0132792 0.170352 0.144319
0.206204 0.0134147 0.171271 0.145001
0.207273 0.0135509 0.17219 0.145682
0.208341 0.0136877 0.17311 0.146362
0.209409 0.013825 0.174029 0.147042
0.210477 0.013963 0.174949 0.14772
0.211545 0.0141016 0.175869 0.148398
0.212613 0.0142407 0.176789 0.149074
0.213681 0.0143805 0.177709 0.14975
0.214749 0.0145209 0.178629 0.150425
0.215817 0.0146619 0.17955 0.151099
0.216884 0.0148035 0.18047 0.151772
0.217952 0.0149457 0.181391 0.152444
0.219019 0.0150886 0.182312 0.153115
0.220087 0.015232 0.183232 0.153785
0.221154 0.015376 0.184154 0.154455
0.222221 0.0155206 0.185075 0.155123
0.223288 0.0156659 0.185996 0.155791
0.224355 0.0158117 0.186917 0.156457
0.225422 0.0159582 0.187839 0.157123
0.226489 0.0161052 0.188761 0.157788
0.227556 0.0162529 0.189682 0.158452
0.228623 0.0164011 0.190604 0.159115
0.22969 0.0165498 0.191526 0.159777
0.230756 0.0166992 0.192449 0.160438
0.231823 0.0168491 0.193371 0.161098
0.232889 0.0169996 0.194294 0.161757
0.233955 0.0171507 0.195216 0.162415
0.235022 0.0173024 0.196139 0.163073
0.236088 0.0174547 0.197062 0.163729
0.237154 0.0176076 0.197985 0.164384
0.23822 0.017761 0.198908 0.165039
0.239286 0.0179151 0.199831 0.165692
0.240352 0.0180697 0.200755 0.166345
0.241417 0.0182249 0.201678 0.166996
0.242483 0.0183807 0.202602 0.167647
0.243549 0.0185371 0.203525 0.168297
0.244614 0.0186941 0.204449 0.168945
0.24568 0.0188516 0.205373 0.169593
0.246745 0.0190097 0.206298 0.17024
0.24781 0.0191684 0.207222 0.170886
0.248875 0.0193277 0.208146 0.171531
0.24994 0.0194875 0.209071 0.172175
0.251005 0.0196479 0.209996 0.172817
0.25207 0.0198088 0.210921 0.173459
0.253135 0.0199703 0.211846 0.1741
0.2542 0.0201324 0.212771 0.17474
0.255264 0.020295 0.213696 0.175379
0.256329 0.0204582 0.214622 0.176017
0.257393 0.020622 0.215547 0.176654
0.258458 0.0207863 0.216473 0.17729
0.259522 0.0209512 0.217399 0.177925
0.260586 0.0211167 0.218325 0.178559
0.26165 0.0212827 0.219251 0.179192
0.262714 0.0214494 0.220177 0.179824
0.263778 0.0216165 0.221104 0.180455
0.264842 0.0217843 0.22203 0.181085
0.265906 0.0219526 0.222957 0.181714
0.26697 0.0221214 0.223884 0.182342
0.268033 0.0222909 0.224811 0.182969
0.269097 0.0224608 0.225738 0.183595
0.27016 0.0226314 0.226665 0.184219
0.271223 0.0228025 0.227593 0.184843
0.272287 0.0229742 0.22852 0.185466
0.27335 0.0231464 0.229448 0.186088
0.274413 0.0233192 0.230376 0.186709
0.275476 0.0234925 0.231304 0.187329
0.276539 0.0236664 0.232232 0.187948
0.277601 0.0238408 0.23316 0.188565
0.278664 0.0240157 0.234089 0.189182
0.279727 0.0241912 0.235018 0.189798
0.280789 0.0243673 0.235947 0.190412
0.281852 0.0245438 0.236876 0.191026
0.282914 0.024721 0.237805 0.191639
0.283976 0.0248986 0.238734 0.19225
0.285038 0.0250768 0.239664 0.19286
0.2861 0.0252555 0.240593 0.19347
0.287162 0.0254348 0.241523 0.194078
0.288224 0.0256147 0.242453 0.194685
0.289286 0.025795 0.243383 0.195292
0.290348 0.025976 0.244313 0.195897
0.291409 0.0261574 0.245244 0.196501
0.292471 0.0263395 0.246174 0.197104
0.293532 0.026522 0.247105 0.197706
0.294593 0.0267051 0.248036 0.198307
0.295655 0.0268888 0.248967 0.198907
0.296716 0.027073 0.249899 0.199506
0.297777 0.0272577 0.25083 0.200103
0.298838 0.027443 0.251762 0.2007
0.299899 0.0276288 0.252694 0.201296
0.300959 0.0278152 0.253626 0.20189
0.30202 0.0280021 0.254558 0.202484
0.303081 0.0281896 0.25549 0.203076
0.304141 0.0283776 0.256423 0.203667
0.305201 0.0285661 0.257355 0.204258
0.306262 0.0287551 0.258288 0.204847
0.307322 0.0289447 0.259221 0.205435
0.308382 0.0291349 0.260155 0.206022
0.309442 0.0293255 0.261088 0.206608
0.310502 0.0295167 0.262022 0.207192
0.311562 0.0297084 0.262956 0.207776
0.312621 0.0299005 0.26389 0.208359
0.313681 0.0300933 0.264824 0.20894
0.31474 0.0302865 0.265758 0.20952
0.3158 0.0304803 0.266693 0.2101
0.316859 0.0306746 0.267628 0.210678
0.317918 0.0308695 0.268563 0.211255
0.318977 0.0310649 0.269498 0.211831
0.320036 0.0312608 0.270433 0.212405
0.321095 0.0314573 0.271369 0.212979
0.322154 0.0316542 0.272304 0.213552
0.323213 0.0318518 0.27324 0.214123
0.324272 0.0320498 0.274177 0.214694
0.32533 0.0322484 0.275113 0.215263
0.326389 0.0324475 0.276049 0.215831
0.327447 0.0326471 0.276986 0.216398
0.328505 0.0328473 0.277923 0.216964
0.329563 0.033048 0.27886 0.217529
0.330621 0.0332492 0.279798 0.218092
0.331679 0.033451 0.280735 0.218655
0.332737 0.0336533 0.281673 0.219216
0.333795 0.0338561 0.282611 0.219776
0.334852 0.0340594 0.283549 0.220335
0.33591 0.0342633 0.284488 0.220893
0.336967 0.0344677 0.285427 0.22145
0.338025 0.0346727 0.286365 0.222006
0.339082 0.0348781 0.287305 0.222561
0.340139 0.0350841 0.288244 0.223114
0.341196 0.0352906 0.289183 0.223666
0.342253 0.0354976 0.290123 0.224217
0.34331 0.0357051 0.291063 0.224767
0.344366 0.0359132 0.292003 0.225316
0.345423 0.0361218 0.292944 0.225864
0.346479 0.036331 0.293884 0.226411
0.347536 0.0365406 0.294825 0.226956
0.348592 0.0367508 0.295766 0.2275
0.349648 0.0369615 0.296708 0.228043
0.350704 0.0371727 0.297649 0.228585
0.35176 0.0373844 0.298591 0.229126
0.352816 0.0375967 0.299533 0.229666
0.353872 0.0378094 0.300475 0.230204
0.354928 0.0380226 0.301418 0.230741
0.355983 0.0382364 0.30236 0.231277
0.357039 0.0384506 0.303303 0.231812
0.358094 0.0386654 0.304247 0.232346
0.359149 0.0388808 0.30519 0.232878
0.360204 0.0390966 0.306134 0.23341
0.361259 0.039313 0.307078 0.23394
0.362314 0.0395299 0.308022 0.234469
0.363369 0.0397473 0.308966 0.234997
0.364424 0.0399653 0.309911 0.235523
0.365478 0.0401837 0.310856 0.236049
0.366533 0.0404027 0.311801 0.236573
0.367587 0.0406223 0.312746 0.237096
0.368642 0.0408423 0.313692 0.237618
0.369696 0.0410629 0.314638 0.238139
0.37075 0.041284 0.315584 0.238659
0.371804 0.0415056 0.31653 0.239177
0.372858 0.0417278 0.317477 0.239694
0.373911 0.0419505 0.318424 0.240211
0.374965 0.0421737 0.319371 0.240725
0.376018 0.0423975 0.320319 0.241239
0.377072 0.0426217 0.321266 0.241752
0.378125 0.0428465 0.322214 0.242263
0.379178 0.0430719 0.323162 0.242773
0.380231 0.0432977 0.324111 0.243282
0.381284 0.0435241 0.32506 0.24379
0.382337 0.043751 0.326009 0.244296
0.38339 0.0439785 0.326958 0.244801
0.384442 0.0442064 0.327907 0.245306
0.385495 0.0444349 0.328857 0.245809
0.386547 0.044664 0.329807 0.24631
0.387599 0.0448936 0.330757 0.246811
0.388651 0.0451237 0.331708 0.24731
0.389703 0.0453543 0.332659 0.247808
0.390755 0.0455854 0.33361 0.248305
0.391807 0.0458171 0.334561 0.248801
0.392859 0.0460494 0.335513 0.249296
0.39391 0.0462821 0.336465 0.249789
0.394962 0.0465154 0.337417 0.250281
0.396013 0.0467492 0.33837 0.250772
0.397064 0.0469836 0.339323 0.251262
0.398115 0.0472185 0.340276 0.25175
0.399166 0.0474539 0.341229 0.252237
0.400217 0.0476899 0.342183 0.252723
0.401268 0.0479264 0.343137 0.253208
0.402318 0.0481634 0.344091 0.253692
0.403369 0.0484009 0.345045 0.254174
0.404419 0.048639 0.346 0.254655
0.405469 0.0488776 0.346955 0.255135
0.406519 0.0491167 0.34791 0.255614
0.407569 0.0493563 0.348866 0.256092
0.408619 0.0495965 0.349822 0.256568
0.409669 0.0498372 0.350778 0.257043
0.410719 0.0500785 0.351735 0.257517
0.411768 0.0503203 0.352691 0.257989
0.412818 0.0505626 0.353648 0.258461
0.413867 0.0508055 0.354606 0.258931
0.414916 0.0510489 0.355563 0.2594
0.415965 0.0512929 0.356521 0.259867
0.417014 0.0515374 0.35748 0.260334
0.418063 0.0517824 0.358438 0.260799
0.419111 0.052028 0.359397 0.261263
0.42016 0.0522741 0.360356 0.261726
0.421208 0.0525208 0.361316 0.262187
0.422256 0.052768 0.362275 0.262648
0.423304 0.0530158 0.363235 0.263107
0.424352 0.0532641 0.364196 0.263565
0.4254 0.053513 0.365156 0.264021
0.426448 0.0537624 0.366117 0.264477
0.427495 0.0540123 0.367079 0.264931
0.428543 0.0542628 0.36804 0.265384
0.42959 0.0545139 0.369002 0.265835
0.430637 0.0547655 0.369964 0.266286
0.431684 0.0550177 0.370927 0.266735
0.432731 0.0552704 0.37189 0.267183
0.433778 0.0555236 0.372853 0.26763
0.434825 0.0557774 0.373816 0.268075
0.435871 0.0560318 0.37478 0.26852
0.436918 0.0562867 0.375744 0.268963
0.437964 0.0565422 0.376708 0.269404
0.43901 0.0567983 0.377673 0.269845
0.440056 0.0570549 0.378638 0.270284
0.441102 0.057312 0.379603 0.270722
0.442148 0.0575697 0.380569 0.271159
0.443193 0.057828 0.381535 0.271595
0.444239 0.0580868 0.382501 0.272029
0.445284 0.0583462 0.383467 0.272462
0.446329 0.0586062 0.384434 0.272894
0.447374 0.0588667 0.385402 0.273325
0.448419 0.0591278 0.386369 0.273754
0.449464 0.0593894 0.387337 0.274182
0.450508 0.0596516 0.388305 0.274609
0.451553 0.0599144 0.389274 0.275035
0.452597 0.0601777 0.390242 0.275459
0.453641 0.0604417 0.391212 0.275882
0.454685 0.0607061 0.392181 0.276304
0.455729 0.0609712 0.393151 0.276725
0.456773 0.0612368 0.394121 0.277144
0.457816 0.061503 0.395091 0.277562
0.45886 0.0617697 0.396062 0.277979
0.459903 0.0620371 0.397033 0.278395
0.460946 0.0623049 0.398005 0.278809
0.461989 0.0625734 0.398976 0.279222
0.463032 0.0628424 0.399948 0.279634
0.464075 0.063112 0.400921 0.280045
0.465117 0.0633822 0.401893 0.280454
0.46616 0.063653 0.402867 0.280862
0.467202 0.0639243 0.40384 0.281269
0.468244 0.0641962 0.404814 0.281675
0.469286 0.0644687 0.405788 0.282079
0.470328 0.0647418 0.406762 0.282482
0.47137 0.0650154 0.407737 0.282884
0.472411 0.0652896 0.408712 0.283285
0.473452 0.0655644 0.409687 0.283684
0.474494 0.0658397 0.410663 0.284082
0.475535 0.0661157 0.411639 0.284479
0.476576 0.0663922 0.412615 0.284874
0.477616 0.0666693 0.413592 0.285269
0.478657 0.066947 0.414569 0.285662
0.479697 0.0672253 0.415547 0.286054
0.480738 0.0675041 0.416524 0.286444
0.481778 0.0677836 0.417503 0.286833
0.482818 0.0680637 0.418481 0.287221
0.483857 0.0683443 0.41946 0.287608
0.484897 0.0686256 0.420439 0.287994
0.485936 0.0689074 0.421418 0.288378
0.486976 0.0691899 0.422398 0.288761
0.488015 0.0694729 0.423378 0.289142
0.489054 0.0697566 0.424359 0.289523
0.490093 0.0700408 0.42534 0.289902
0.491131 0.0703257 0.426321 0.29028
0.49217 0.0706111 0.427302 0.290657
0.493208 0.0708971 0.428284 0.291032
0.494246 0.0711838 0.429266 0.291406
0.495284 0.071471 0.430249 0.291779
0.496322 0.0717589 0.431232 0.292151
0.49736 0.0720473 0.432215 0.292521
0.498397 0.0723364 0.433199 0.292891
0.499434 0.0726261 0.434183 0.293259
0.500471 0.0729164 0.435167 0.293625
0.501508 0.0732073 0.436152 0.293991
0.502545 0.0734989 0.437137 0.294355
0.503582 0.073791 0.438122 0.294718
0.504618 0.0740838 0.439108 0.295079
0.505654 0.0743772 0.440094 0.29544
0.506691 0.0746712 0.44108 0.295799
0.507726 0.0749658 0.442067 0.296157
0.508762 0.075261 0.443054 0.296513
0.509798 0.0755569 0.444041 0.296869
0.510833 0.0758534 0.445029 0.297223
0.511868 0.0761505 0.446017 0.297576
0.512903 0.0764483 0.447006 0.297927
0.513938 0.0767466 0.447995 0.298278
0.514973 0.0770457 0.448984 0.298627
0.516007 0.0773453 0.449973 0.298975
0.517041 0.0776456 0.450963 0.299321
0.518076 0.0779465 0.451953 0.299667
0.519109 0.078248 0.452944 0.300011
0.520143 0.0785502 0.453935 0.300354
0.521177 0.078853 0.454926 0.300695
0.52221 0.0791565 0.455918 0.301036
0.523243 0.0794605 0.45691 0.301375
0.524276 0.0797653 0.457902 0.301713
0.525309 0.0800707 0.458895 0.302049
0.526342 0.0803767 0.459888 0.302384
0.527374 0.0806833 0.460882 0.302719
0.528406 0.0809907 0.461876 0.303051
0.529438 0.0812986 0.46287 0.303383
0.53047 0.0816072 0.463864 0.303713
0.531502 0.0819165 0.464859 0.304043
0.532533 0.0822264 0.465854 0.30437
0.533564 0.082537 0.46685 0.304697
0.534595 0.0828482 0.467846 0.305022
0.535626 0.0831601 0.468842 0.305347
0.536657 0.0834726 0.469839 0.305669
0.537687 0.0837858 0.470836 0.305991
0.538718 0.0840997 0.471834 0.306312
0.539748 0.0844142 0.472831 0.306631
0.540778 0.0847294 0.473829 0.306949
0.541807 0.0850452 0.474828 0.307265
0.542837 0.0853617 0.475827 0.307581
0.543866 0.0856789 0.476826 0.307895
0.544895 0.0859968 0.477825 0.308208
0.545924 0.0863153 0.478825 0.30852
0.546952 0.0866345 0.479826 0.30883
0.547981 0.0869543 0.480826 0.309139
0.549009 0.0872749 0.481827 0.309447
0.550037 0.0875961 0.482829 0.309754
0.551065 0.087918 0.483831 0.31006
0.552092 0.0882405 0.484833 0.310364
0.55312 0.0885638 0.485835 0.310667
0.554147 0.0888877 0.486838 0.310969
0.555174 0.0892123 0.487841 0.311269
0.5562 0.0895376 0.488845 0.311569
0.557227 0.0898636 0.489849 0.311867
0.558253 0.0901902 0.490853 0.312164
0.559279 0.0905175 0.491858 0.312459
0.560305 0.0908456 0.492863 0.312754
0.561331 0.0911743 0.493868 0.313047
0.562356 0.0915036 0.494874 0.313339
0.563381 0.0918337 0.49588 0.313629
0.564406 0.0921644 0.496886 0.313919
0.565431 0.0924959 0.497893 0.314207
0.566455 0.092828 0.4989 0.314494
0.567479 0.0931609 0.499908 0.31478
0.568503 0.0934944 0.500916 0.315064
0.569527 0.0938286 0.501924 0.315347
0.570551 0.0941636 0.502933 0.315629
0.571574 0.0944992 0.503942 0.31591
0.572597 0.0948356 0.504951 0.31619
0.57362 0.0951727 0.505961 0.316468
0.574643 0.0955104 0.506971 0.316745
0.575665 0.0958489 0.507982 0.317021
0.576687 0.0961881 0.508993 0.317296
0.577709 0.096528 0.510004 0.31757
0.578731 0.0968687 0.511015 0.317842
0.579753 0.09721 0.512027 0.318113
0.580774 0.0975521 0.51304 0.318383
0.581795 0.0978949 0.514052 0.318651
0.582815 0.0982384 0.515066 0.318919
0.583836 0.0985826 0.516079 0.319185
0.584856 0.0989276 0.517093 0.31945
0.585876 0.0992733 0.518107 0.319714
0.586896 0.0996197 0.519122 0.319976
0.587915 0.0999668 0.520136 0.320238
0.588935 0.100315 0.521152 0.320498
0.589954 0.100663 0.522167 0.320757
0.590973 0.101013 0.523183 0.321015
0.591991 0.101363 0.5242 0.321271
0.593009 0.101714 0.525217 0.321527
0.594027 0.102065 0.526234 0.321781
0.595045 0.102417 0.527251 0.322034
0.596062 0.10277 0.528269 0.322285
0.59708 0.103124 0.529287 0.322536
0.598097 0.103479 0.530306 0.322785
0.599113 0.103834 0.531325 0.323033
0.60013 0.10419 0.532344 0.32328
0.601146 0.104547 0.533364 0.323526
0.602162 0.104904 0.534384 0.323771
0.603178 0.105263 0.535404 0.324014
0.604193 0.105622 0.536425 0.324256
0.605208 0.105981 0.537447 0.324497
0.606223 0.106342 0.538468 0.324737
0.607238 0.106703 0.53949 0.324975
0.608252 0.107065 0.540512 0.325213
0.609266 0.107428 0.541535 0.325449
0.61028 0.107792 0.542558 0.325684
0.611293 0.108156 0.543581 0.325918
0.612306 0.108521 0.544605 0.326151
0.613319 0.108887 0.545629 0.326382
0.614332 0.109254 0.546654 0.326613
0.615344 0.109621 0.547679 0.326842
0.616356 0.109989 0.548704 0.32707
0.617368 0.110358 0.54973 0.327296
0.61838 0.110728 0.550756 0.327522
0.619391 0.111099 0.551782 0.327746
0.620402 0.11147 0.552809 0.32797
0.621413 0.111842 0.553836 0.328192
0.622423 0.112215 0.554863 0.328413
0.623433 0.112588 0.555891 0.328632
0.624443 0.112963 0.556919 0.328851
0.625452 0.113338 0.557948 0.329068
0.626462 0.113714 0.558977 0.329285
0.627471 0.114091 0.560006 0.3295
0.628479 0.114468 0.561036 0.329714
0.629488 0.114847 0.562066 0.329926
0.630496 0.115226 0.563097 0.330138
0.631503 0.115606 0.564127 0.330349
0.632511 0.115987 0.565159 0.330558
0.633518 0.116368 0.56619 0.330766
0.634525 0.116751 0.567222 0.330973
0.635531 0.117134 0.568254 0.331179
0.636538 0.117518 0.569287 0.331384
0.637543 0.117903 0.57032 0.331587
0.638549 0.118288 0.571353 0.33179
0.639554 0.118675 0.572387 0.331991
0.640559 0.119062 0.573421 0.332191
0.641564 0.11945 0.574456 0.33239
0.642568 0.119839 0.575491 0.332588
0.643572 0.120228 0.576526 0.332785
0.644576 0.120619 0.577562 0.33298
0.645579 0.12101 0.578598 0.333175
0.646583 0.121402 0.579634 0.333368
0.647585 0.121795 0.580671 0.33356
0.648588 0.122189 0.581708 0.333751
0.64959 0.122583 0.582745 0.333941
0.650592 0.122979 0.583783 0.33413
0.651593 0.123375 0.584821 0.334318
0.652594 0.123772 0.58586 0.334504
0.653595 0.12417 0.586899 0.33469
0.654595 0.124569 0.587938 0.334874
0.655596 0.124968 0.588978 0.335057
0.656595 0.125369 0.590018 0.33524
0.657595 0.12577 0.591058 0.335421
0.658594 0.126172 0.592099 0.335601
0.659593 0.126575 0.59314 0.335779
0.660591 0.126979 0.594182 0.335957
0.661589 0.127383 0.595223 0.336134
0.662587 0.127789 0.596266 0.336309
0.663584 0.128195 0.597308 0.336484
0.664582 0.128602 0.598351 0.336657
0.665578 0.12901 0.599395 0.336829
0.666575 0.129419 0.600438 0.337
0.667571 0.129829 0.601482 0.33717
0.668566 0.130239 0.602527 0.337339
0.669562 0.130651 0.603572 0.337507
0.670557 0.131063 0.604617 0.337674
0.671551 0.131476 0.605662 0.33784
0.672545 0.13189 0.606708 0.338004
0.673539 0.132305 0.607755 0.338168
0.674533 0.132721 0.608801 0.33833
0.675526 0.133137 0.609848 0.338492
0.676519 0.133555 0.610896 0.338652
0.677511 0.133973 0.611945 0.338812
0.678503 0.134392 0.612994 0.33897
0.679495 0.134812 0.614043 0.339128
0.680486 0.135233 0.615093 0.339284
0.681477 0.135655 0.616143 0.339439
0.682468 0.136078 0.617194 0.339594
0.683458 0.136501 0.618245 0.339747
0.684448 0.136925 0.619297 0.339899
0.685437 0.137351 0.620348 0.34005
0.686427 0.137777 0.6214 0.3402
0.687415 0.138204 0.622453 0.340349
0.688404 0.138632 0.623506 0.340497
0.689392 0.13906 0.624559 0.340644
0.690379 0.13949 0.625613 0.340789
0.691366 0.139921 0.626666 0.340934
0.692353 0.140352 0.627721 0.341078
0.693339 0.140784 0.628775 0.34122
0.694326 0.141218 0.62983 0.341362
0.695311 0.141652 0.630886 0.341503
0.696296 0.142087 0.631941 0.341642
0.697281 0.142523 0.632998 0.341781
0.698266 0.142959 0.634054 0.341919
0.69925 0.143397 0.635111 0.342055
0.700233 0.143836 0.636168 0.342191
0.701216 0.144275 0.637225 0.342325
0.702199 0.144716 0.638283 0.342458
0.703182 0.145157 0.639341 0.342591
0.704164 0.145599 0.6404 0.342722
0.705145 0.146042 0.641459 0.342853
0.706127 0.146486 0.642518 0.342982
0.707107 0.146931 0.643578 0.343111
0.708088 0.147377 0.644638 0.343238
0.709068 0.147824 0.645698 0.343364
0.710047 0.148271 0.646759 0.34349
0.711026 0.14872 0.64782 0.343614
0.712005 0.149169 0.648881 0.343738
0.712983 0.14962 0.649943 0.34386
0.713961 0.150071 0.651005 0.343982
0.714939 0.150524 0.652067 0.344102
0.715916 0.150977 0.65313 0.344222
0.716892 0.151431 0.654193 0.34434
0.717868 0.151886 0.655257 0.344458
0.718844 0.152342 0.65632 0.344575
0.719819 0.152799 0.657385 0.34469
0.720794 0.153257 0.658449 0.344805
0.721768 0.153715 0.659514 0.344919
0.722742 0.154175 0.660579 0.345031
0.723716 0.154636 0.661644 0.345143
0.724689 0.155097 0.66271 0.345254
0.725662 0.15556 0.663776 0.345364
0.726634 0.156023 0.664843 0.345473
0.727605 0.156488 0.66591 0.345581
0.728577 0.156953 0.666977 0.345688
0.729548 0.157419 0.668044 0.345794
0.730518 0.157886 0.669112 0.345899
0.731488 0.158355 0.67018 0.346003
0.732457 0.158824 0.671249 0.346107
0.733426 0.159294 0.672318 0.346209
0.734395 0.159765 0.673387 0.346311
0.735363 0.160237 0.674456 0.346411
0.73633 0.16071 0.675526 0.346511
0.737298 0.161184 0.676596 0.346609
0.738264 0.161659 0.677667 0.346707
0.73923 0.162134 0.678737 0.346804
0.740196 0.162611 0.679809 0.3469
0.741161 0.163089 0.68088 0.346995
0.742126 0.163567 0.681952 0.347089
0.74309 0.164047 0.683024 0.347182
0.744054 0.164528 0.684096 0.347274
0.745018 0.165009 0.685169 0.347366
0.74598 0.165492 0.686242 0.347456
0.746943 0.165975 0.687315 0.347546
0.747905 0.16646 0.688389 0.347635
0.748866 0.166945 0.689463 0.347723
0.749827 0.167432 0.690537 0.34781
0.750787 0.167919 0.691611 0.347896
0.751747 0.168408 0.692686 0.347981
0.752707 0.168897 0.693761 0.348066
0.753665 0.169387 0.694837 0.348149
0.754624 0.169879 0.695913 0.348232
0.755582 0.170371 0.696989 0.348314
0.756539 0.170864 0.698065 0.348395
0.757496 0.171359 0.699142 0.348475
0.758452 0.171854 0.700219 0.348554
0.759408 0.17235 0.701296 0.348633
0.760363 0.172847 0.702373 0.34871
0.761318 0.173346 0.703451 0.348787
0.762273 0.173845 0.704529 0.348862
0.763226 0.174345 0.705608 0.348937
0.76418 0.174846 0.706686 0.349012
0.765133 0.175348 0.707765 0.349085
0.766085 0.175851 0.708845 0.349157
0.767036 0.176355 0.709924 0.349229
0.767988 0.176861 0.711004 0.3493
0.768938 0.177367 0.712084 0.34937
0.769888 0.177874 0.713165 0.349439
0.770838 0.178382 0.714245 0.349507
0.771787 0.178891 0.715326 0.349575
0.772735 0.179401 0.716407 0.349642
0.773683 0.179913 0.717489 0.349708
0.774631 0.180425 0.71857 0.349773
0.775578 0.180938 0.719652 0.349837
0.776524 0.181452 0.720735 0.349901
0.77747 0.181967 0.721817 0.349964
0.778415 0.182484 0.7229 0.350026
0.77936 0.183001 0.723983 0.350087
0.780304 0.183519 0.725066 0.350147
0.781247 0.184038 0.72615 0.350207
0.78219 0.184559 0.727233 0.350266
0.783133 0.18508 0.728317 0.350324
0.784075 0.185602 0.729402 0.350381
0.785016 0.186126 0.730486 0.350438
0.785957 0.18665 0.731571 0.350494
0.786897 0.187176 0.732656 0.350549
0.787836 0.187702 0.733741 0.350603
0.788775 0.188229 0.734826 0.350656
0.789714 0.188758 0.735912 0.350709
0.790652 0.189287 0.736998 0.350761
0.791589 0.189818 0.738084 0.350812
0.792526 0.190349 0.739171 0.350862
0.793462 0.190882 0.740257 0.350912
0.794397 0.191415 0.741344 0.350961
0.795332 0.19195 0.742431 0.351009
0.796267 0.192485 0.743518 0.351057
0.797201 0.193022 0.744606 0.351103
0.798134 0.19356 0.745693 0.351149
0.799066 0.194098 0.746781 0.351195
0.799998 0.194638 0.747869 0.351239
0.80093 0.195179 0.748958 0.351283
0.80186 0.195721 0.750046 0.351326
0.802791 0.196263 0.751135 0.351369
0.80372 0.196807 0.752224 0.35141
0.804649 0.197352 0.753313 0.351451
0.805578 0.197898 0.754402 0.351492
0.806505 0.198445 0.755491 0.351531
0.807432 0.198993 0.756581 0.35157
0.808359 0.199543 0.757671 0.351608
0.809285 0.200093 0.758761 0.351646
0.81021 0.200644 0.759851 0.351682
0.811135 0.201196 0.760941 0.351718
0.812059 0.20175 0.762031 0.351754
0.812982 0.202304 0.763122 0.351788
0.813905 0.202859 0.764213 0.351823
0.814827 0.203416 0.765304 0.351856
0.815748 0.203973 0.766395 0.351889
0.816669 0.204532 0.767486 0.35192
0.817589 0.205092 0.768577 0.351952
0.818509 0.205652 0.769669 0.351982
0.819428 0.206214 0.770761 0.352012
0.820346 0.206777 0.771852 0.352042
0.821264 0.207341 0.772944 0.35207
0.822181 0.207906 0.774036 0.352098
0.823097 0.208471 0.775129 0.352125
0.824013 0.209038 0.776221 0.352152
0.824928 0.209606 0.777314 0.352178
0.825842 0.210175 0.778406 0.352203
0.826756 0.210745 0.779499 0.352227
0.827669 0.211317 0.780592 0.352251
0.828582 0.211889 0.781685 0.352274
0.829493 0.212462 0.782778 0.352297
0.830404 0.213036 0.783871 0.352319
0.831315 0.213612 0.784964 0.35234
0.832225 0.214188 0.786057 0.352361
0.833134 0.214766 0.787151 0.352381
0.834042 0.215344 0.788244 0.3524
0.83495 0.215924 0.789338 0.352419
0.835857 0.216505 0.790432 0.352437
0.836763 0.217086 0.791525 0.352454
0.837669 0.217669 0.792619 0.352471
0.838574 0.218253 0.793713 0.352487
0.839478 0.218838 0.794807 0.352503
0.840382 0.219424 0.795901 0.352518
0.841284 0.220011 0.796995 0.352532
0.842187 0.220599 0.798089 0.352546
0.843088 0.221189 0.799183 0.352559
0.843989 0.221779 0.800278 0.352571
0.844889 0.22237 0.801372 0.352583
0.845788 0.222963 0.802466 0.352594
0.846687 0.223556 0.80356 0.352605
0.847585 0.224151 0.804655 0.352614
0.848482 0.224747 0.805749 0.352624
0.849379 0.225343 0.806844 0.352632
0.850275 0.225941 0.807938 0.35264
0.85117 0.22654 0.809032 0.352648
0.852064 0.22714 0.810127 0.352655
0.852958 0.227741 0.811221 0.352661
0.853851 0.228343 0.812316 0.352667
0.854743 0.228946 0.81341 0.352672
0.855635 0.22955 0.814504 0.352676
0.856526 0.230156 0.815599 0.35268
0.857416 0.230762 0.816693 0.352683
0.858305 0.23137 0.817787 0.352686
0.859194 0.231978 0.818882 0.352688
0.860082 0.232588 0.819976 0.352689
0.860969 0.233198 0.82107 0.352689
0.861855 0.23381 0.822165 0.352689
0.862741 0.234423 0.823259 0.352689
0.863626 0.235036 0.824353 0.352688
0.86451 0.235651 0.825447 0.352686
0.865394 0.236267 0.826541 0.352683
0.866276 0.236884 0.827635 0.35268
0.867158 0.237502 0.828729 0.352677
0.868039 0.238121 0.829823 0.352673
0.86892 0.238742 0.830917 0.352668
0.8698 0.239363 0.83201 0.352662
0.870679 0.239985 0.833104 0.352656
0.871557 0.240609 0.834198 0.35265
0.872434 0.241233 0.835291 0.352642
0.873311 0.241859 0.836384 0.352634
0.874187 0.242485 0.837478 0.352626
0.875062 0.243113 0.838571 0.352617
0.875936 0.243742 0.839664 0.352607
0.87681 0.244372 0.840757 0.352597
0.877683 0.245003 0.841849 0.352586
0.878555 0.245635 0.842942 0.352574
0.879426 0.246268 0.844034 0.352562
0.880296 0.246902 0.845127 0.352549
0.881166 0.247537 0.846219 0.352536
0.882035 0.248173 0.847311 0.352522
0.882903 0.248811 0.848403 0.352507
0.883771 0.249449 0.849495 0.352492
0.884637 0.250089 0.850586 0.352476
0.885503 0.250729 0.851678 0.35246
0.886368 0.251371 0.852769 0.352443
0.887232 0.252013 0.85386 0.352425
0.888095 0.252657 0.854951 0.352407
0.888958 0.253302 0.856042 0.352388
0.88982 0.253948 0.857132 0.352368
0.890681 0.254595 0.858223 0.352348
0.891541 0.255243 0.859313 0.352327
0.8924 0.255892 0.860403 0.352306
0.893259 0.256542 0.861492 0.352284
0.894117 0.257193 0.862582 0.352261
0.894974 0.257846 0.863671 0.352238
0.89583 0.258499 0.86476 0.352214
0.896685 0.259153 0.865849 0.352189
0.89754 0.259809 0.866938 0.352164
0.898394 0.260465 0.868026 0.352138
0.899247 0.261123 0.869114 0.352111
0.900099 0.261782 0.870202 0.352084
0.90095 0.262441 0.871289 0.352056
0.901801 0.263102 0.872377 0.352028
0.90265 0.263764 0.873464 0.351999
0.903499 0.264427 0.874551 0.351969
0.904347 0.265091 0.875637 0.351938
0.905194 0.265755 0.876723 0.351907
0.906041 0.266421 0.877809 0.351875
0.906886 0.267088 0.878895 0.351843
0.907731 0.267756 0.87998 0.351809
0.908575 0.268425 0.881065 0.351775
0.909418 0.269095 0.88215 0.35174
0.910261 0.269766 0.883235 0.351705
0.911102 0.270438 0.884319 0.351669
0.911943 0.271111 0.885403 0.351632
0.912783 0.271786 0.886486 0.351595
0.913622 0.272461 0.887569 0.351557
0.91446 0.273137 0.888652 0.351518
0.915297 0.273814 0.889735 0.351478
0.916134 0.274493 0.890817 0.351438
0.916969 0.275172 0.891898 0.351397
0.917804 0.275853 0.89298 0.351355
0.918638 0.276534 0.894061 0.351313
0.919471 0.277216 0.895142 0.35127
0.920304 0.2779 0.896222 0.351226
0.921135 0.278584 0.897302 0.351181
0.921966 0.27927 0.898381 0.351136
0.922796 0.279956 0.899461 0.35109
0.923624 0.280644 0.900539 0.351043
0.924453 0.281333 0.901618 0.350995
0.92528 0.282022 0.902696 0.350947
0.926106 0.282713 0.903773 0.350898
0.926932 0.283404 0.90485 0.350848
0.927756 0.284097 0.905927 0.350797
0.92858 0.284791 0.907003 0.350745
0.929403 0.285485 0.908079 0.350693
0.930226 0.286181 0.909154 0.35064
0.931047 0.286877 0.910229 0.350586
0.931867 0.287575 0.911304 0.350532
0.932687 0.288274 0.912378 0.350476
0.933506 0.288973 0.913451 0.35042
0.934324 0.289674 0.914525 0.350363
0.935141 0.290376 0.915597 0.350305
0.935957 0.291078 0.916669 0.350246
0.936773 0.291782 0.917741 0.350187
0.937587 0.292486 0.918812 0.350126
0.938401 0.293192 0.919883 0.350065
0.939214 0.293898 0.920953 0.350003
0.940026 0.294606 0.922023 0.34994
0.940837 0.295314 0.923092 0.349876
0.941648 0.296023 0.924161 0.349811
0.942457 0.296734 0.925229 0.349746
0.943266 0.297445 0.926296 0.349679
0.944074 0.298157 0.927364 0.349612
0.944881 0.29887 0.92843 0.349544
0.945687 0.299585 0.929496 0.349475
0.946492 0.3003 0.930562 0.349405
0.947297 0.301016 0.931627 0.349334
0.9481 0.301733 0.932691 0.349262
0.948903 0.302451 0.933755 0.349189
0.949705 0.30317 0.934818 0.349115
0.950506 0.303889 0.935881 0.34904
0.951307 0.30461 0.936943 0.348965
0.952106 0.305332 0.938004 0.348888
0.952905 0.306054 0.939065 0.34881
0.953703 0.306778 0.940125 0.348732
0.9545 0.307502 0.941185 0.348652
0.955296 0.308227 0.942244 0.348572
0.956091 0.308953 0.943302 0.34849
0.956886 0.30968 0.94436 0.348407
0.95768 0.310408 0.945418 0.348324
0.958473 0.311136 0.946474 0.348239
0.959265 0.311866 0.94753 0.348153
0.960057 0.312596 0.948585 0.348066
0.960847 0.313328 0.94964 0.347978
0.961637 0.31406 0.950694 0.347889
0.962426 0.314793 0.951747 0.347799
0.963215 0.315526 0.9528 0.347708
0.964002 0.316261 0.953852 0.347616
0.964789 0.316997 0.954903 0.347523
0.965575 0.317733 0.955953 0.347429
0.96636 0.31847 0.957003 0.347333
0.967145 0.319208 0.958052 0.347237
0.967928 0.319947 0.9591 0.347139
0.968711 0.320686 0.960148 0.347041
0.969493 0.321426 0.961194 0.346941
0.970275 0.322168 0.96224 0.34684
0.971055 0.322909 0.963285 0.346738
0.971835 0.323652 0.96433 0.346634
0.972615 0.324395 0.965373 0.34653
0.973393 0.325139 0.966415 0.346425
0.974171 0.325884 0.967457 0.346318
0.974948 0.32663 0.968498 0.34621
0.975725 0.327376 0.969537 0.346101
0.976501 0.328123 0.970576 0.345991
0.977276 0.328871 0.971614 0.34588
0.978051 0.329619 0.97265 0.345768
0.978825 0.330368 0.973686 0.345655
0.979598 0.331117 0.97472 0.345541
0.980371 0.331867 0.975753 0.345426
0.981143 0.332618 0.976784 0.34531
0.981915 0.333369 0.977813 0.345193
0.982687 0.334121 0.978841 0.345075
0.983457 0.334873 0.979867 0.344958
0.984228 0.335625 0.98089 0.34484
0.984998 0.336378 0.981911 0.344722
0.985768 0.337131 0.982928 0.344606
0.986537 0.337885 0.98394 0.344491
0.987307 0.338638 0.984946 0.344379
0.988076 0.339392 0.985943 0.344273
0.988846 0.340146 0.986927 0.344177
0.989615 0.340899 0.987891 0.344099
0.990386 0.341652 0.988818 0.344053
0.991157 0.342403 0.989677 0.344073
0.99193 0.343153 0.990401 0.344228
0.992706 0.3439 0.990899 0.344612
0.993485 0.344644 0.991277 0.345522
0.993485 0.344644 0.993485 0.344644
