0 -0 0
1.69173e-06 -0.00107699 0
6.76691e-06 -0.00215397 0
1.52255e-05 -0.00323092 0
2.70674e-05 -0.00430785 0
4.22924e-05 -0.00538473 0
6.09006e-05 -0.00646156 0
8.28916e-05 -0.00753832 0
0.000108265 -0.00861501 0
0.000137021 -0.00969162 0
0.000169159 -0.0107681 0
0.000204679 -0.0118445 0
0.000243581 -0.0129208 0
0.000285863 -0.013997 0
0.000331526 -0.015073 0
0.000380569 -0.0161489 0
0.000432992 -0.0172246 0
0.000488794 -0.0183001 0
0.000547975 -0.0193755 0
0.000610534 -0.0204507 0
0.000676471 -0.0215256 0
0.000745783 -0.0226004 0
0.000818473 -0.0236749 0
0.000894537 -0.0247492 0
0.000973976 -0.0258233 0
0.00105679 -0.0268971 0
0.00114298 -0.0279706 0
0.00123253 -0.0290439 0
0.00132546 -0.0301169 0
0.00142176 -0.0311895 0
0.00152143 -0.0322619 0
0.00162447 -0.0333339 0
0.00173088 -0.0344057 0
0.00184065 -0.035477 0
0.00195378 -0.0365481 0
0.00207029 -0.0376187 0
0.00219015 -0.038689 0
0.00231338 -0.039759 0
0.00243996 -0.0408285 0
0.00256991 -0.0418976 0
0.00270321 -0.0429663 0
0.00283987 -0.0440346 0
0.00297989 -0.0451025 0
0.00312326 -0.0461699 0
0.00326998 -0.0472368 0
0.00342006 -0.0483033 0
0.00357348 -0.0493693 0
0.00373025 -0.0504348 0
0.00389037 -0.0514998 0
0.00405383 -0.0525643 0
0.00422064 -0.0536283 0
0.00439079 -0.0546918 0
0.00456428 -0.0557547 0
0.00474111 -0.0568171 0
0.00492127 -0.0578789 0
0.00510477 -0.0589401 0
0.0052916 -0.0600008 0
0.00548177 -0.0610609 0
0.00567526 -0.0621203 0
0.00587208 -0.0631792 0
0.00607223 -0.0642374 0
0.00627569 -0.065295 0
0.00648249 -0.066352 0
0.0066926 -0.0674083 0
0.00690602 -0.0684639 0
0.00712277 -0.0695189 0
0.00734283 -0.0705731 0
0.00756619 -0.0716267 0
0.00779287 -0.0726796 0
0.00802285 -0.0737317 0
0.00825614 -0.0747831 0
0.00849272 -0.0758338 0
0.00873261 -0.0768837 0
0.0089758 -0.0779329 0
0.00922228 -0.0789813 0
0.00947205 -0.0800289 0
0.00972512 -0.0810758 0
0.00998146 -0.0821218 0
0.0102411 -0.083167 0
0.010504 -0.0842115 0
0.0107702 -0.085255 0
0.0110397 -0.0862977 0
0.0113124 -0.0873396 0
0.0115885 -0.0883806 0
0.0118678 -0.0894208 0
0.0121503 -0.0904601 0
0.0124361 -0.0914984 0
0.0127252 -0.0925359 0
0.0130175 -0.0935725 0
0.0133131 -0.0946081 0
0.013612 -0.0956428 0
0.0139141 -0.0966765 0
0.0142194 -0.0977093 0
0.014528 -0.0987412 0
0.0148398 -0.099772 0
0.0151549 -0.100802 0
0.0154732 -0.101831 0
0.0157947 -0.102859 0
0.0161195 -0.103886 0
0.0164474 -0.104911 0
0.0167786 -0.105936 0
0.0171131 -0.10696 0
0.0174507 -0.107983 0
0.0177915 -0.109004 0
0.0181356 -0.110025 0
0.0184828 -0.111044 0
0.0188333 -0.112063 0
0.0191869 -0.11308 0
0.0195438 -0.114096 0
0.0199038 -0.115111 0
0.0202671 -0.116125 0
0.0206335 -0.117138 0
0.0210031 -0.118149 0
0.0213758 -0.11916 0
0.0217518 -0.120169 0
0.0221309 -0.121177 0
0.0225131 -0.122184 0
0.0228986 -0.12319 0
0.0232872 -0.124194 0
0.0236789 -0.125197 0
0.0240738 -0.126199 0
0.0244718 -0.1272 0
0.024873 -0.128199 0
0.0252773 -0.129198 0
0.0256848 -0.130195 0
0.0260954 -0.13119 0
0.0265091 -0.132185 0
0.0269259 -0.133178 0
0.0273459 -0.134169 0
0.0277689 -0.13516 0
0.0281951 -0.136149 0
0.0286244 -0.137137 0
0.0290567 -0.138123 0
0.0294922 -0.139108 0
0.0299308 -0.140092 0
0.0303724 -0.141074 0
0.0308172 -0.142055 0
0.031265 -0.143034 0
0.0317159 -0.144012 0
0.0321698 -0.144989 0
0.0326269 -0.145964 0
0.033087 -0.146938 0
0.0335501 -0.14791 0
0.0340163 -0.148881 0
0.0344856 -0.149851 0
0.0349579 -0.150819 0
0.0354332 -0.151785 0
0.0359115 -0.15275 0
0.0363929 -0.153713 0
0.0368773 -0.154675 0
0.0373648 -0.155635 0
0.0378552 -0.156594 0
0.0383487 -0.157552 0
0.0388452 -0.158507 0
0.0393446 -0.159462 0
0.0398471 -0.160414 0
0.0403525 -0.161365 0
0.040861 -0.162315 0
0.0413724 -0.163262 0
0.0418868 -0.164209 0
0.0424041 -0.165153 0
0.0429245 -0.166096 0
0.0434478 -0.167037 0
0.043974 -0.167977 0
0.0445032 -0.168915 0
0.0450353 -0.169851 0
0.0455704 -0.170786 0
0.0461084 -0.171719 0
0.0466493 -0.17265 0
0.0471932 -0.17358 0
0.04774 -0.174508 0
0.0482896 -0.175434 0
0.0488422 -0.176358 0
0.0493977 -0.177281 0
0.0499561 -0.178202 0
0.0505174 -0.179121 0
0.0510816 -0.180039 0
0.0516486 -0.180954 0
0.0522186 -0.181868 0
0.0527913 -0.18278 0
0.053367 -0.18369 0
0.0539455 -0.184599 0
0.0545269 -0.185505 0
0.0551111 -0.18641 0
0.0556981 -0.187313 0
0.056288 -0.188214 0
0.0568807 -0.189113 0
0.0574762 -0.190011 0
0.0580746 -0.190906 0
0.0586757 -0.1918 0
0.0592797 -0.192692 0
0.0598864 -0.193581 0
0.060496 -0.194469 0
0.0611083 -0.195355 0
0.0617234 -0.196239 0
0.0623413 -0.197121 0
0.062962 -0.198002 0
0.0635854 -0.19888 0
0.0642116 -0.199756 0
0.0648405 -0.20063 0
0.0654722 -0.201503 0
0.0661066 -0.202373 0
0.0667437 -0.203241 0
0.0673836 -0.204107 0
0.0680261 -0.204972 0
0.0686715 -0.205834 0
0.0693194 -0.206694 0
0.0699701 -0.207552 0
0.0706235 -0.208409 0
0.0712796 -0.209263 0
0.0719384 -0.210115 0
0.0725998 -0.210965 0
0.0732639 -0.211813 0
0.0739306 -0.212658 0
0.0746001 -0.213502 0
0.0752721 -0.214344 0
0.0759468 -0.215183 0
0.0766241 -0.21602 0
0.0773041 -0.216856 0
0.0779867 -0.217689 0
0.0786719 -0.21852 0
0.0793597 -0.219348 0
0.0800501 -0.220175 0
0.0807431 -0.220999 0
0.0814387 -0.221822 0
0.0821368 -0.222642 0
0.0828376 -0.223459 0
0.0835409 -0.224275 0
0.0842468 -0.225089 0
0.0849551 -0.2259 0
0.0856661 -0.226709 0
0.0863796 -0.227515 0
0.0870956 -0.22832 0
0.0878142 -0.229122 0
0.0885352 -0.229922 0
0.0892588 -0.23072 0
0.0899849 -0.231515 0
0.0907135 -0.232308 0
0.0914446 -0.233099 0
0.092178 -0.233888 0
0.0929141 -0.234674 0
0.0936526 -0.235458 0
0.0943935 -0.23624 0
0.0951369 -0.237019 0
0.0958827 -0.237796 0
0.096631 -0.23857 0
0.0973817 -0.239343 0
0.0981349 -0.240113 0
0.0988904 -0.24088 0
0.0996483 -0.241645 0
0.100409 -0.242408 0
0.101171 -0.243168 0
0.101937 -0.243926 0
0.102704 -0.244682 0
0.103474 -0.245435 0
0.104246 -0.246186 0
0.105021 -0.246934 0
0.105798 -0.24768 0
0.106577 -0.248423 0
0.107359 -0.249164 0
0.108143 -0.249903 0
0.108929 -0.250639 0
0.109717 -0.251372 0
0.110508 -0.252103 0
0.111301 -0.252832 0
0.112097 -0.253558 0
0.112894 -0.254281 0
0.113694 -0.255002 0
0.114497 -0.255721 0
0.115301 -0.256437 0
0.116108 -0.257151 0
0.116917 -0.257861 0
0.117728 -0.25857 0
0.118542 -0.259276 0
0.119357 -0.259979 0
0.120175 -0.26068 0
0.120995 -0.261378 0
0.121817 -0.262074 0
0.122642 -0.262767 0
0.123468 -0.263457 0
0.124297 -0.264145 0
0.125128 -0.26483 0
0.125961 -0.265512 0
0.126796 -0.266192 0
0.127634 -0.26687 0
0.128473 -0.267544 0
0.129315 -0.268217 0
0.130158 -0.268886 0
0.131004 -0.269553 0
0.131852 -0.270217 0
0.132702 -0.270878 0
0.133554 -0.271537 0
0.134408 -0.272193 0
0.135264 -0.272846 0
0.136122 -0.273497 0
0.136983 -0.274145 0
0.137845 -0.27479 0
0.138709 -0.275433 0
0.139576 -0.276073 0
0.140444 -0.27671 0
0.141314 -0.277344 0
0.142186 -0.277976 0
0.143061 -0.278605 0
0.143937 -0.279231 0
0.144815 -0.279855 0
0.145695 -0.280475 0
0.146577 -0.281093 0
0.147461 -0.281708 0
0.148347 -0.282321 0
0.149235 -0.28293 0
0.150125 -0.283537 0
0.151017 -0.284141 0
0.15191 -0.284742 0
0.152806 -0.28534 0
0.153703 -0.285936 0
0.154602 -0.286529 0
0.155504 -0.287119 0
0.156407 -0.287706 0
0.157311 -0.28829 0
0.158218 -0.288871 0
0.159126 -0.28945 0
0.160037 -0.290025 0
0.160949 -0.290598 0
0.161862 -0.291168 0
0.162778 -0.291735 0
0.163695 -0.292299 0
0.164615 -0.292861 0
0.165536 -0.293419 0
0.166458 -0.293974 0
0.167383 -0.294527 0
0.168309 -0.295077 0
0.169237 -0.295623 0
0.170166 -0.296167 0
0.171098 -0.296708 0
0.172031 -0.297246 0
0.172965 -0.297781 0
0.173902 -0.298313 0
0.17484 -0.298843 0
0.175779 -0.299369 0
0.17672 -0.299892 0
0.177664 -0.300413 0
0.178608 -0.30093 0
0.179554 -0.301444 0
0.180502 -0.301956 0
0.181452 -0.302464 0
0.182403 -0.302969 0
0.183355 -0.303472 0
0.184309 -0.303971 0
0.185265 -0.304468 0
0.186222 -0.304961 0
0.187181 -0.305452 0
0.188142 -0.305939 0
0.189103 -0.306424 0
0.190067 -0.306905 0
0.191032 -0.307383 0
0.191998 -0.307859 0
0.192966 -0.308331 0
0.193935 -0.3088 0
0.194906 -0.309267 0
0.195879 -0.30973 0
0.196852 -0.31019 0
0.197828 -0.310647 0
0.198804 -0.311101 0
0.199782 -0.311552 0
0.200762 -0.311999 0
0.201743 -0.312444 0
0.202725 -0.312886 0
0.203709 -0.313324 0
0.204694 -0.31376 0
0.20568 -0.314192 0
0.206668 -0.314622 0
0.207657 -0.315048 0
0.208647 -0.315471 0
0.209639 -0.315891 0
0.210632 -0.316307 0
0.211626 -0.316721 0
0.212622 -0.317132 0
0.213619 -0.317539 0
0.214617 -0.317944 0
0.215617 -0.318345 0
0.216617 -0.318743 0
0.217619 -0.319138 0
0.218623 -0.319529 0
0.219627 -0.319918 0
0.220633 -0.320303 0
0.22164 -0.320686 0
0.222648 -0.321065 0
0.223657 -0.321441 0
0.224667 -0.321814 0
0.225679 -0.322183 0
0.226692 -0.322549 0
0.227706 -0.322913 0
0.228721 -0.323273 0
0.229737 -0.32363 0
0.230754 -0.323983 0
0.231772 -0.324334 0
0.232792 -0.324681 0
0.233812 -0.325025 0
0.234834 -0.325366 0
0.235857 -0.325703 0
0.236881 -0.326038 0
0.237905 -0.326369 0
0.238931 -0.326697 0
0.239958 -0.327022 0
0.240986 -0.327343 0
0.242015 -0.327662 0
0.243045 -0.327977 0
0.244075 -0.328289 0
0.245107 -0.328597 0
0.24614 -0.328902 0
0.247174 -0.329205 0
0.248209 -0.329503 0
0.249244 -0.329799 0
0.250281 -0.330091 0
0.251318 -0.33038 0
0.252357 -0.330666 0
0.253396 -0.330949 0
0.254436 -0.331228 0
0.255477 -0.331504 0
0.256519 -0.331777 0
0.257562 -0.332046 0
0.258605 -0.332313 0
0.25965 -0.332575 0
0.260695 -0.332835 0
0.261741 -0.333091 0
0.262788 -0.333344 0
0.263835 -0.333594 0
0.264884 -0.333841 0
0.265933 -0.334084 0
0.266983 -0.334324 0
0.268034 -0.33456 0
0.269085 -0.334794 0
0.270137 -0.335024 0
0.27119 -0.33525 0
0.272244 -0.335474 0
0.273298 -0.335694 0
0.274353 -0.335911 0
0.275408 -0.336124 0
0.276465 -0.336334 0
0.277522 -0.336541 0
0.278579 -0.336744 0
0.279637 -0.336944 0
0.280696 -0.337141 0
0.281756 -0.337335 0
0.282816 -0.337525 0
0.283876 -0.337712 0
0.284938 -0.337895 0
0.286 -0.338075 0
0.287062 -0.338252 0
0.288125 -0.338426 0
0.289188 -0.338596 0
0.290252 -0.338763 0
0.291317 -0.338926 0
0.292382 -0.339086 0
0.293447 -0.339243 0
0.294513 -0.339396 0
0.29558 -0.339547 0
0.296647 -0.339693 0
0.297714 -0.339837 0
0.298782 -0.339977 0
0.29985 -0.340113 0
0.300919 -0.340247 0
0.301988 -0.340377 0
0.303058 -0.340503 0
0.304128 -0.340626 0
0.305198 -0.340746 0
0.306269 -0.340863 0
0.30734 -0.340976 0
0.308411 -0.341086 0
0.309483 -0.341192 0
0.310555 -0.341295 0
0.311627 -0.341395 0
0.3127 -0.341491 0
0.313773 -0.341584 0
0.314846 -0.341674 0
0.31592 -0.34176 0
0.316993 -0.341843 0
0.318067 -0.341922 0
0.319142 -0.341998 0
0.320216 -0.342071 0
0.321291 -0.34214 0
0.322366 -0.342206 0
0.323441 -0.342269 0
0.324516 -0.342328 0
0.325592 -0.342384 0
0.326668 -0.342436 0
0.327744 -0.342485 0
0.32882 -0.342531 0
0.329896 -0.342573 0
0.330972 -0.342612 0
0.332049 -0.342647 0
0.333125 -0.342679 0
0.334202 -0.342708 0
0.335278 -0.342734 0
0.336355 -0.342756 0
0.337432 -0.342774 0
0.338509 -0.342789 0
0.339586 -0.342801 0
0.340663 -0.34281 0
0.34174 -0.342815 0
0.342817 -0.342817 0
0.343894 -0.342815 0
0.344971 -0.34281 0
0.346048 -0.342801 0
0.347125 -0.342789 0
0.348201 -0.342774 0
0.349278 -0.342756 0
0.350355 -0.342734 0
0.351432 -0.342708 0
0.352508 -0.342679 0
0.353585 -0.342647 0
0.354661 -0.342612 0
0.355738 -0.342573 0
0.356814 -0.342531 0
0.35789 -0.342485 0
0.358966 -0.342436 0
0.360041 -0.342384 0
0.361117 -0.342328 0
0.362192 -0.342269 0
0.363267 -0.342206 0
0.364342 -0.34214 0
0.365417 -0.342071 0
0.366492 -0.341998 0
0.367566 -0.341922 0
0.36864 -0.341842 0
0.369714 -0.34176 0
0.370787 -0.341674 0
0.37186 -0.341584 0
0.372934 -0.341491 0
0.374006 -0.341395 0
0.375079 -0.341295 0
0.376151 -0.341192 0
0.377222 -0.341086 0
0.378294 -0.340976 0
0.379365 -0.340863 0
0.380435 -0.340746 0
0.381506 -0.340626 0
0.382576 -0.340503 0
0.383645 -0.340377 0
0.384714 -0.340247 0
0.385783 -0.340113 0
0.386851 -0.339977 0
0.387919 -0.339837 0
0.388986 -0.339693 0
0.390053 -0.339547 0
0.39112 -0.339396 0
0.392186 -0.339243 0
0.393251 -0.339086 0
0.394317 -0.338926 0
0.395381 -0.338763 0
0.396445 -0.338596 0
0.397509 -0.338426 0
0.398571 -0.338252 0
0.399634 -0.338075 0
0.400696 -0.337895 0
0.401757 -0.337712 0
0.402817 -0.337525 0
0.403877 -0.337335 0
0.404937 -0.337141 0
0.405996 -0.336944 0
0.407054 -0.336744 0
0.408112 -0.336541 0
0.409169 -0.336334 0
0.410225 -0.336124 0
0.411281 -0.335911 0
0.412335 -0.335694 0
0.41339 -0.335474 0
0.414443 -0.33525 0
0.415496 -0.335024 0
0.416548 -0.334794 0
0.4176 -0.33456 0
0.41865 -0.334324 0
0.4197 -0.334084 0
0.42075 -0.333841 0
0.421798 -0.333594 0
0.422846 -0.333344 0
0.423892 -0.333091 0
0.424938 -0.332835 0
0.425984 -0.332575 0
0.427028 -0.332312 0
0.428072 -0.332046 0
0.429115 -0.331777 0
0.430156 -0.331504 0
0.431197 -0.331228 0
0.432237 -0.330949 0
0.433277 -0.330666 0
0.434315 -0.33038 0
0.435353 -0.330091 0
0.436389 -0.329799 0
0.437425 -0.329503 0
0.438459 -0.329204 0
0.439493 -0.328902 0
0.440526 -0.328597 0
0.441558 -0.328288 0
0.442589 -0.327977 0
0.443619 -0.327662 0
0.444648 -0.327343 0
0.445675 -0.327022 0
0.446702 -0.326697 0
0.447728 -0.326369 0
0.448753 -0.326038 0
0.449777 -0.325703 0
0.450799 -0.325366 0
0.451821 -0.325025 0
0.452842 -0.324681 0
0.453861 -0.324334 0
0.454879 -0.323983 0
0.455897 -0.323629 0
0.456913 -0.323273 0
0.457928 -0.322913 0
0.458942 -0.322549 0
0.459954 -0.322183 0
0.460966 -0.321813 0
0.461976 -0.321441 0
0.462986 -0.321065 0
0.463994 -0.320686 0
0.465001 -0.320303 0
0.466006 -0.319918 0
0.467011 -0.319529 0
0.468014 -0.319138 0
0.469016 -0.318743 0
0.470017 -0.318345 0
0.471016 -0.317943 0
0.472014 -0.317539 0
0.473011 -0.317132 0
0.474007 -0.316721 0
0.475001 -0.316307 0
0.475994 -0.31589 0
0.476986 -0.315471 0
0.477976 -0.315047 0
0.478966 -0.314621 0
0.479953 -0.314192 0
0.48094 -0.31376 0
0.481925 -0.313324 0
0.482908 -0.312886 0
0.48389 -0.312444 0
0.484872 -0.311999 0
0.485851 -0.311551 0
0.486829 -0.311101 0
0.487806 -0.310647 0
0.488781 -0.31019 0
0.489755 -0.309729 0
0.490727 -0.309266 0
0.491698 -0.3088 0
0.492667 -0.308331 0
0.493635 -0.307859 0
0.494602 -0.307383 0
0.495566 -0.306905 0
0.49653 -0.306424 0
0.497492 -0.305939 0
0.498452 -0.305452 0
0.499411 -0.304961 0
0.500368 -0.304468 0
0.501324 -0.303971 0
0.502278 -0.303472 0
0.503231 -0.302969 0
0.504182 -0.302464 0
0.505131 -0.301955 0
0.506079 -0.301444 0
0.507025 -0.30093 0
0.50797 -0.300412 0
0.508913 -0.299892 0
0.509854 -0.299369 0
0.510794 -0.298842 0
0.511732 -0.298313 0
0.512668 -0.297781 0
0.513603 -0.297246 0
0.514536 -0.296708 0
0.515467 -0.296167 0
0.516397 -0.295623 0
0.517325 -0.295077 0
0.518251 -0.294527 0
0.519175 -0.293974 0
0.520098 -0.293419 0
0.521019 -0.29286 0
0.521938 -0.292299 0
0.522855 -0.291735 0
0.523771 -0.291168 0
0.524685 -0.290598 0
0.525597 -0.290025 0
0.526507 -0.289449 0
0.527415 -0.288871 0
0.528322 -0.28829 0
0.529227 -0.287705 0
0.53013 -0.287118 0
0.531031 -0.286528 0
0.53193 -0.285936 0
0.532827 -0.28534 0
0.533723 -0.284742 0
0.534616 -0.284141 0
0.535508 -0.283537 0
0.536398 -0.28293 0
0.537286 -0.28232 0
0.538172 -0.281708 0
0.539056 -0.281093 0
0.539938 -0.280475 0
0.540818 -0.279855 0
0.541696 -0.279231 0
0.542573 -0.278605 0
0.543447 -0.277976 0
0.544319 -0.277344 0
0.545189 -0.27671 0
0.546058 -0.276073 0
0.546924 -0.275433 0
0.547789 -0.27479 0
0.548651 -0.274145 0
0.549511 -0.273497 0
0.550369 -0.272846 0
0.551225 -0.272193 0
0.552079 -0.271537 0
0.552931 -0.270878 0
0.553781 -0.270217 0
0.554629 -0.269553 0
0.555475 -0.268886 0
0.556319 -0.268216 0
0.55716 -0.267544 0
0.558 -0.26687 0
0.558837 -0.266192 0
0.559672 -0.265512 0
0.560505 -0.26483 0
0.561336 -0.264145 0
0.562165 -0.263457 0
0.562991 -0.262766 0
0.563816 -0.262073 0
0.564638 -0.261378 0
0.565458 -0.26068 0
0.566276 -0.259979 0
0.567092 -0.259276 0
0.567905 -0.25857 0
0.568716 -0.257861 0
0.569525 -0.25715 0
0.570332 -0.256437 0
0.571137 -0.255721 0
0.571939 -0.255002 0
0.572739 -0.254281 0
0.573536 -0.253558 0
0.574332 -0.252832 0
0.575125 -0.252103 0
0.575916 -0.251372 0
0.576704 -0.250638 0
0.577491 -0.249902 0
0.578275 -0.249164 0
0.579056 -0.248423 0
0.579835 -0.247679 0
0.580612 -0.246934 0
0.581387 -0.246185 0
0.58216 -0.245435 0
0.582929 -0.244682 0
0.583697 -0.243926 0
0.584462 -0.243168 0
0.585225 -0.242408 0
0.585985 -0.241645 0
0.586743 -0.24088 0
0.587498 -0.240112 0
0.588252 -0.239342 0
0.589002 -0.23857 0
0.589751 -0.237796 0
0.590496 -0.237019 0
0.59124 -0.236239 0
0.591981 -0.235458 0
0.592719 -0.234674 0
0.593455 -0.233888 0
0.594189 -0.233099 0
0.59492 -0.232308 0
0.595648 -0.231515 0
0.596374 -0.23072 0
0.597098 -0.229922 0
0.597819 -0.229122 0
0.598538 -0.22832 0
0.599254 -0.227515 0
0.599967 -0.226708 0
0.600678 -0.225899 0
0.601386 -0.225088 0
0.602092 -0.224275 0
0.602796 -0.223459 0
0.603496 -0.222641 0
0.604195 -0.221821 0
0.60489 -0.220999 0
0.605583 -0.220175 0
0.606274 -0.219348 0
0.606961 -0.218519 0
0.607646 -0.217688 0
0.608329 -0.216855 0
0.609009 -0.21602 0
0.609686 -0.215183 0
0.610361 -0.214343 0
0.611033 -0.213502 0
0.611702 -0.212658 0
0.612369 -0.211812 0
0.613033 -0.210964 0
0.613695 -0.210114 0
0.614354 -0.209262 0
0.61501 -0.208408 0
0.615663 -0.207552 0
0.616314 -0.206694 0
0.616962 -0.205834 0
0.617607 -0.204972 0
0.61825 -0.204107 0
0.61889 -0.203241 0
0.619527 -0.202373 0
0.620161 -0.201502 0
0.620793 -0.20063 0
0.621422 -0.199756 0
0.622048 -0.198879 0
0.622671 -0.198001 0
0.623292 -0.197121 0
0.62391 -0.196239 0
0.624525 -0.195355 0
0.625137 -0.194469 0
0.625747 -0.193581 0
0.626353 -0.192691 0
0.626958 -0.1918 0
0.627559 -0.190906 0
0.628157 -0.19001 0
0.628753 -0.189113 0
0.629345 -0.188214 0
0.629935 -0.187313 0
0.630522 -0.18641 0
0.631106 -0.185505 0
0.631688 -0.184599 0
0.632266 -0.18369 0
0.632842 -0.18278 0
0.633415 -0.181868 0
0.633984 -0.180954 0
0.634552 -0.180038 0
0.635116 -0.179121 0
0.635677 -0.178202 0
0.636235 -0.177281 0
0.636791 -0.176358 0
0.637344 -0.175434 0
0.637893 -0.174508 0
0.63844 -0.17358 0
0.638984 -0.17265 0
0.639525 -0.171719 0
0.640063 -0.170786 0
0.640598 -0.169851 0
0.64113 -0.168915 0
0.641659 -0.167977 0
0.642185 -0.167037 0
0.642709 -0.166096 0
0.643229 -0.165153 0
0.643746 -0.164208 0
0.644261 -0.163262 0
0.644772 -0.162314 0
0.645281 -0.161365 0
0.645786 -0.160414 0
0.646289 -0.159461 0
0.646788 -0.158507 0
0.647285 -0.157551 0
0.647778 -0.156594 0
0.648268 -0.155635 0
0.648756 -0.154675 0
0.64924 -0.153713 0
0.649722 -0.15275 0
0.6502 -0.151785 0
0.650675 -0.150818 0
0.651148 -0.14985 0
0.651617 -0.148881 0
0.652083 -0.14791 0
0.652546 -0.146938 0
0.653006 -0.145964 0
0.653463 -0.144989 0
0.653917 -0.144012 0
0.654368 -0.143034 0
0.654816 -0.142055 0
0.655261 -0.141074 0
0.655702 -0.140091 0
0.656141 -0.139108 0
0.656576 -0.138123 0
0.657009 -0.137136 0
0.657438 -0.136149 0
0.657864 -0.13516 0
0.658287 -0.134169 0
0.658707 -0.133177 0
0.659124 -0.132184 0
0.659538 -0.13119 0
0.659948 -0.130194 0
0.660356 -0.129197 0
0.66076 -0.128199 0
0.661161 -0.1272 0
0.661559 -0.126199 0
0.661954 -0.125197 0
0.662346 -0.124194 0
0.662734 -0.123189 0
0.66312 -0.122184 0
0.663502 -0.121177 0
0.663882 -0.120169 0
0.664257 -0.119159 0
0.66463 -0.118149 0
0.665 -0.117137 0
0.665366 -0.116125 0
0.665729 -0.115111 0
0.666089 -0.114096 0
0.666446 -0.11308 0
0.6668 -0.112062 0
0.66715 -0.111044 0
0.667498 -0.110025 0
0.667841 -0.109004 0
0.668183 -0.107982 0
0.66852 -0.10696 0
0.668855 -0.105936 0
0.669186 -0.104911 0
0.669514 -0.103885 0
0.669838 -0.102858 0
0.67016 -0.101831 0
0.670478 -0.100802 0
0.670793 -0.0997717 0
0.671105 -0.0987409 0
0.671414 -0.0977091 0
0.671719 -0.0966763 0
0.672021 -0.0956425 0
0.67232 -0.0946078 0
0.672616 -0.0935722 0
0.672908 -0.0925356 0
0.673197 -0.0914982 0
0.673483 -0.0904598 0
0.673765 -0.0894205 0
0.674045 -0.0883803 0
0.674321 -0.0873394 0
0.674593 -0.0862975 0
0.674863 -0.0852547 0
0.675129 -0.0842112 0
0.675392 -0.0831668 0
0.675652 -0.0821215 0
0.675908 -0.0810755 0
0.676161 -0.0800286 0
0.676411 -0.078981 0
0.676657 -0.0779326 0
0.676901 -0.0768835 0
0.67714 -0.0758335 0
0.677377 -0.0747828 0
0.67761 -0.0737314 0
0.67784 -0.0726793 0
0.678067 -0.0716264 0
0.67829 -0.0705729 0
0.67851 -0.0695185 0
0.678727 -0.0684636 0
0.678941 -0.067408 0
0.679151 -0.0663517 0
0.679357 -0.0652947 0
0.679561 -0.0642371 0
0.679761 -0.0631789 0
0.679958 -0.0621201 0
0.680151 -0.0610606 0
0.680342 -0.0600005 0
0.680528 -0.0589398 0
0.680712 -0.0578786 0
0.680892 -0.0568168 0
0.681069 -0.0557544 0
0.681242 -0.0546915 0
0.681412 -0.053628 0
0.681579 -0.0525641 0
0.681743 -0.0514995 0
0.681903 -0.0504345 0
0.68206 -0.049369 0
0.682213 -0.048303 0
0.682363 -0.0472365 0
0.68251 -0.0461696 0
0.682653 -0.0451022 0
0.682793 -0.0440343 0
0.68293 -0.042966 0
0.683063 -0.0418973 0
0.683193 -0.0408282 0
0.683319 -0.0397587 0
0.683443 -0.0386888 0
0.683563 -0.0376184 0
0.683679 -0.0365478 0
0.683792 -0.0354767 0
0.683902 -0.0344054 0
0.684009 -0.0333336 0
0.684112 -0.0322616 0
0.684211 -0.0311892 0
0.684308 -0.0301166 0
0.6844 -0.0290436 0
0.68449 -0.0279703 0
0.684576 -0.0268968 0
0.684659 -0.025823 0
0.684738 -0.0247489 0
0.684815 -0.0236746 0
0.684887 -0.0226001 0
0.684957 -0.0215253 0
0.685022 -0.0204504 0
0.685085 -0.0193752 0
0.685144 -0.0182998 0
0.6852 -0.0172243 0
0.685252 -0.0161486 0
0.685302 -0.0150727 0
0.685347 -0.0139967 0
0.68539 -0.0129205 0
0.685428 -0.0118442 0
0.685464 -0.0107678 0
0.685496 -0.00969132 0
0.685525 -0.00861472 0
0.68555 -0.00753803 0
0.685572 -0.00646127 0
0.685591 -0.00538443 0
0.685606 -0.00430755 0
0.685618 -0.00323063 0
0.685626 -0.00215367 0
0.685631 -0.00107669 0
0.685633 2.9596e-07 0
