0.0000 0.0000 0.0000 0.0000
0.0010 -0.0005 0.0004 0.0001
0.0019 -0.0009 0.0007 0.0003
0.0029 -0.0014 0.0011 0.0004
0.0039 -0.0019 0.0015 0.0006
0.0048 -0.0024 0.0018 0.0007
0.0058 -0.0028 0.0022 0.0009
0.0068 -0.0033 0.0025 0.0011
0.0078 -0.0038 0.0029 0.0012
0.0087 -0.0042 0.0032 0.0014
0.0097 -0.0047 0.0036 0.0016
0.0107 -0.0052 0.0040 0.0018
0.0116 -0.0056 0.0043 0.0019
0.0126 -0.0061 0.0046 0.0021
0.0136 -0.0065 0.0050 0.0023
0.0146 -0.0070 0.0053 0.0025
0.0155 -0.0074 0.0057 0.0027
0.0165 -0.0079 0.0060 0.0029
0.0175 -0.0084 0.0064 0.0031
0.0185 -0.0088 0.0067 0.0033
0.0194 -0.0093 0.0070 0.0035
0.0204 -0.0097 0.0074 0.0037
0.0214 -0.0102 0.0077 0.0040
0.0224 -0.0106 0.0081 0.0042
0.0234 -0.0111 0.0084 0.0044
0.0243 -0.0115 0.0087 0.0046
0.0253 -0.0119 0.0091 0.0048
0.0263 -0.0124 0.0094 0.0051
0.0273 -0.0128 0.0098 0.0053
0.0283 -0.0133 0.0101 0.0056
0.0293 -0.0137 0.0104 0.0058
0.0302 -0.0141 0.0108 0.0060
0.0312 -0.0146 0.0111 0.0063
0.0322 -0.0150 0.0114 0.0065
0.0332 -0.0155 0.0118 0.0068
0.0342 -0.0159 0.0121 0.0071
0.0352 -0.0163 0.0125 0.0073
0.0362 -0.0167 0.0128 0.0076
0.0371 -0.0172 0.0132 0.0078
0.0381 -0.0176 0.0135 0.0081
0.0391 -0.0180 0.0139 0.0084
0.0401 -0.0185 0.0142 0.0086
0.0411 -0.0189 0.0145 0.0089
0.0421 -0.0193 0.0149 0.0092
0.0431 -0.0197 0.0153 0.0095
0.0441 -0.0202 0.0156 0.0098
0.0451 -0.0206 0.0160 0.0100
0.0461 -0.0210 0.0163 0.0103
0.0470 -0.0214 0.0167 0.0106
0.0480 -0.0218 0.0170 0.0109
0.0490 -0.0222 0.0174 0.0112
0.0500 -0.0227 0.0178 0.0115
0.0510 -0.0231 0.0181 0.0118
0.0520 -0.0235 0.0185 0.0121
0.0530 -0.0239 0.0189 0.0124
0.0540 -0.0243 0.0193 0.0127
0.0550 -0.0247 0.0196 0.0130
0.0560 -0.0251 0.0200 0.0134
0.0570 -0.0255 0.0204 0.0137
0.0580 -0.0259 0.0208 0.0140
0.0590 -0.0263 0.0212 0.0143
0.0600 -0.0267 0.0216 0.0146
0.0610 -0.0271 0.0220 0.0150
0.0620 -0.0275 0.0224 0.0153
0.0630 -0.0279 0.0228 0.0156
0.0640 -0.0283 0.0232 0.0159
0.0650 -0.0287 0.0236 0.0163
0.0660 -0.0291 0.0240 0.0166
0.0670 -0.0295 0.0244 0.0169
0.0680 -0.0299 0.0248 0.0173
0.0690 -0.0303 0.0252 0.0176
0.0700 -0.0307 0.0257 0.0180
0.0710 -0.0311 0.0261 0.0183
0.0720 -0.0315 0.0265 0.0187
0.0730 -0.0319 0.0270 0.0190
0.0740 -0.0322 0.0274 0.0194
0.0750 -0.0326 0.0279 0.0197
0.0760 -0.0330 0.0283 0.0201
0.0770 -0.0334 0.0288 0.0204
0.0781 -0.0338 0.0292 0.0208
0.0791 -0.0342 0.0297 0.0212
0.0801 -0.0345 0.0301 0.0215
0.0811 -0.0349 0.0306 0.0219
0.0821 -0.0353 0.0311 0.0223
0.0831 -0.0357 0.0316 0.0227
0.0841 -0.0360 0.0320 0.0230
0.0851 -0.0364 0.0325 0.0234
0.0861 -0.0368 0.0330 0.0238
0.0871 -0.0372 0.0335 0.0242
0.0881 -0.0375 0.0340 0.0245
0.0892 -0.0379 0.0345 0.0249
0.0902 -0.0383 0.0350 0.0253
0.0912 -0.0386 0.0356 0.0257
0.0922 -0.0390 0.0361 0.0261
0.0932 -0.0394 0.0366 0.0265
0.0942 -0.0397 0.0371 0.0269
0.0952 -0.0401 0.0377 0.0273
0.0962 -0.0405 0.0382 0.0277
0.0973 -0.0408 0.0388 0.0281
0.0983 -0.0412 0.0393 0.0285
0.0993 -0.0416 0.0399 0.0289
0.1003 -0.0419 0.0404 0.0293
0.1013 -0.0423 0.0410 0.0297
0.1023 -0.0426 0.0416 0.0301
0.1034 -0.0430 0.0421 0.0305
0.1044 -0.0433 0.0427 0.0309
0.1054 -0.0437 0.0433 0.0314
0.1064 -0.0441 0.0439 0.0318
0.1074 -0.0444 0.0445 0.0322
0.1084 -0.0448 0.0451 0.0326
0.1095 -0.0451 0.0457 0.0331
0.1105 -0.0455 0.0463 0.0335
0.1115 -0.0458 0.0469 0.0339
0.1125 -0.0462 0.0476 0.0343
0.1135 -0.0465 0.0482 0.0348
0.1146 -0.0469 0.0488 0.0352
0.1156 -0.0472 0.0495 0.0356
0.1166 -0.0475 0.0501 0.0361
0.1176 -0.0479 0.0508 0.0365
0.1186 -0.0482 0.0514 0.0370
0.1197 -0.0486 0.0521 0.0374
0.1207 -0.0489 0.0528 0.0379
0.1217 -0.0493 0.0535 0.0383
0.1227 -0.0496 0.0541 0.0388
0.1237 -0.0499 0.0548 0.0392
0.1248 -0.0503 0.0555 0.0397
0.1258 -0.0506 0.0562 0.0401
0.1268 -0.0509 0.0569 0.0406
0.1278 -0.0513 0.0576 0.0410
0.1289 -0.0516 0.0584 0.0415
0.1299 -0.0520 0.0591 0.0420
0.1309 -0.0523 0.0598 0.0424
0.1319 -0.0526 0.0606 0.0429
0.1330 -0.0530 0.0613 0.0434
0.1340 -0.0533 0.0620 0.0439
0.1350 -0.0536 0.0628 0.0443
0.1360 -0.0539 0.0636 0.0448
0.1371 -0.0543 0.0643 0.0453
0.1381 -0.0546 0.0651 0.0458
0.1391 -0.0549 0.0659 0.0462
0.1401 -0.0553 0.0666 0.0467
0.1412 -0.0556 0.0674 0.0472
0.1422 -0.0559 0.0682 0.0477
0.1432 -0.0562 0.0690 0.0482
0.1442 -0.0566 0.0698 0.0487
0.1453 -0.0569 0.0706 0.0492
0.1463 -0.0572 0.0715 0.0497
0.1473 -0.0575 0.0723 0.0502
0.1483 -0.0579 0.0731 0.0507
0.1494 -0.0582 0.0740 0.0512
0.1504 -0.0585 0.0748 0.0517
0.1514 -0.0588 0.0756 0.0522
0.1525 -0.0591 0.0765 0.0527
0.1535 -0.0595 0.0774 0.0532
0.1545 -0.0598 0.0782 0.0537
0.1555 -0.0601 0.0791 0.0542
0.1566 -0.0604 0.0800 0.0547
0.1576 -0.0607 0.0808 0.0552
0.1586 -0.0610 0.0817 0.0557
0.1597 -0.0614 0.0826 0.0562
0.1607 -0.0617 0.0835 0.0567
0.1617 -0.0620 0.0844 0.0573
0.1628 -0.0623 0.0853 0.0578
0.1638 -0.0626 0.0863 0.0583
0.1648 -0.0629 0.0872 0.0588
0.1658 -0.0632 0.0881 0.0593
0.1669 -0.0636 0.0890 0.0599
0.1679 -0.0639 0.0900 0.0604
0.1689 -0.0642 0.0909 0.0609
0.1700 -0.0645 0.0919 0.0614
0.1710 -0.0648 0.0928 0.0620
0.1720 -0.0651 0.0938 0.0625
0.1731 -0.0654 0.0947 0.0630
0.1741 -0.0657 0.0957 0.0636
0.1751 -0.0660 0.0967 0.0641
0.1762 -0.0663 0.0977 0.0646
0.1772 -0.0666 0.0987 0.0652
0.1782 -0.0670 0.0997 0.0657
0.1793 -0.0673 0.1007 0.0662
0.1803 -0.0676 0.1017 0.0668
0.1813 -0.0679 0.1027 0.0673
0.1824 -0.0682 0.1037 0.0679
0.1834 -0.0685 0.1047 0.0684
0.1844 -0.0688 0.1057 0.0689
0.1855 -0.0691 0.1067 0.0695
0.1865 -0.0694 0.1078 0.0700
0.1875 -0.0697 0.1088 0.0706
0.1886 -0.0700 0.1099 0.0711
0.1896 -0.0703 0.1109 0.0717
0.1906 -0.0706 0.1120 0.0722
0.1917 -0.0709 0.1130 0.0727
0.1927 -0.0712 0.1141 0.0733
0.1937 -0.0715 0.1152 0.0738
0.1948 -0.0718 0.1162 0.0744
0.1958 -0.0721 0.1173 0.0749
0.1968 -0.0724 0.1184 0.0755
0.1979 -0.0727 0.1195 0.0760
0.1989 -0.0730 0.1206 0.0766
0.1999 -0.0733 0.1217 0.0771
0.2010 -0.0736 0.1228 0.0777
0.2020 -0.0739 0.1239 0.0782
0.2030 -0.0742 0.1250 0.0788
0.2041 -0.0745 0.1261 0.0793
0.2051 -0.0748 0.1273 0.0799
0.2061 -0.0751 0.1284 0.0804
0.2072 -0.0754 0.1295 0.0810
0.2082 -0.0757 0.1307 0.0816
0.2093 -0.0759 0.1318 0.0821
0.2103 -0.0762 0.1329 0.0827
0.2113 -0.0765 0.1341 0.0832
0.2124 -0.0768 0.1353 0.0838
0.2134 -0.0771 0.1364 0.0843
0.2144 -0.0774 0.1376 0.0849
0.2155 -0.0777 0.1387 0.0854
0.2165 -0.0780 0.1399 0.0860
0.2175 -0.0783 0.1411 0.0865
0.2186 -0.0786 0.1423 0.0871
0.2196 -0.0789 0.1435 0.0876
0.2207 -0.0792 0.1446 0.0882
0.2217 -0.0795 0.1458 0.0887
0.2227 -0.0797 0.1470 0.0893
0.2238 -0.0800 0.1482 0.0898
0.2248 -0.0803 0.1494 0.0904
0.2258 -0.0806 0.1506 0.0909
0.2269 -0.0809 0.1519 0.0915
0.2279 -0.0812 0.1531 0.0920
0.2290 -0.0815 0.1543 0.0926
0.2300 -0.0818 0.1555 0.0931
0.2310 -0.0821 0.1567 0.0937
0.2321 -0.0823 0.1580 0.0942
0.2331 -0.0826 0.1592 0.0948
0.2341 -0.0829 0.1604 0.0953
0.2352 -0.0832 0.1617 0.0958
0.2362 -0.0835 0.1629 0.0964
0.2373 -0.0838 0.1642 0.0969
0.2383 -0.0841 0.1654 0.0975
0.2393 -0.0843 0.1667 0.0980
0.2404 -0.0846 0.1679 0.0985
0.2414 -0.0849 0.1692 0.0991
0.2425 -0.0852 0.1705 0.0996
0.2435 -0.0855 0.1717 0.1001
0.2445 -0.0858 0.1730 0.1007
0.2456 -0.0860 0.1743 0.1012
0.2466 -0.0863 0.1756 0.1017
0.2477 -0.0866 0.1768 0.1023
0.2487 -0.0869 0.1781 0.1028
0.2497 -0.0872 0.1794 0.1033
0.2508 -0.0875 0.1807 0.1038
0.2518 -0.0877 0.1820 0.1044
0.2528 -0.0880 0.1833 0.1049
0.2539 -0.0883 0.1846 0.1054
0.2549 -0.0886 0.1859 0.1059
0.2560 -0.0889 0.1872 0.1064
0.2570 -0.0891 0.1885 0.1070
0.2580 -0.0894 0.1898 0.1075
0.2591 -0.0897 0.1911 0.1080
0.2601 -0.0900 0.1924 0.1085
0.2612 -0.0903 0.1937 0.1090
0.2622 -0.0905 0.1950 0.1095
0.2633 -0.0908 0.1964 0.1100
0.2643 -0.0911 0.1977 0.1105
0.2653 -0.0914 0.1990 0.1110
0.2664 -0.0916 0.2003 0.1115
0.2674 -0.0919 0.2017 0.1120
0.2685 -0.0922 0.2030 0.1125
0.2695 -0.0925 0.2043 0.1130
0.2705 -0.0927 0.2057 0.1135
0.2716 -0.0930 0.2070 0.1140
0.2726 -0.0933 0.2083 0.1145
0.2737 -0.0936 0.2097 0.1150
0.2747 -0.0938 0.2110 0.1155
0.2757 -0.0941 0.2124 0.1159
0.2768 -0.0944 0.2137 0.1164
0.2778 -0.0947 0.2150 0.1169
0.2789 -0.0949 0.2164 0.1174
0.2799 -0.0952 0.2177 0.1179
0.2810 -0.0955 0.2191 0.1183
0.2820 -0.0958 0.2204 0.1188
0.2830 -0.0960 0.2218 0.1193
0.2841 -0.0963 0.2232 0.1197
0.2851 -0.0966 0.2245 0.1202
0.2862 -0.0968 0.2259 0.1206
0.2872 -0.0971 0.2272 0.1211
0.2883 -0.0974 0.2286 0.1216
0.2893 -0.0976 0.2300 0.1220
0.2903 -0.0979 0.2313 0.1225
0.2914 -0.0982 0.2327 0.1229
0.2924 -0.0984 0.2340 0.1234
0.2935 -0.0987 0.2354 0.1238
0.2945 -0.0990 0.2368 0.1242
0.2956 -0.0992 0.2381 0.1247
0.2966 -0.0995 0.2395 0.1251
0.2976 -0.0998 0.2409 0.1255
0.2987 -0.1000 0.2423 0.1260
0.2997 -0.1003 0.2436 0.1264
0.3008 -0.1006 0.2450 0.1268
0.3018 -0.1008 0.2464 0.1272
0.3029 -0.1011 0.2477 0.1277
0.3039 -0.1014 0.2491 0.1281
0.3050 -0.1016 0.2505 0.1285
0.3060 -0.1019 0.2519 0.1289
0.3070 -0.1021 0.2532 0.1293
0.3081 -0.1024 0.2546 0.1297
0.3091 -0.1027 0.2560 0.1301
0.3102 -0.1029 0.2574 0.1305
0.3112 -0.1032 0.2587 0.1309
0.3123 -0.1034 0.2601 0.1313
0.3133 -0.1037 0.2615 0.1317
0.3144 -0.1040 0.2629 0.1321
0.3154 -0.1042 0.2642 0.1325
0.3165 -0.1045 0.2656 0.1328
0.3175 -0.1047 0.2670 0.1332
0.3185 -0.1050 0.2684 0.1336
0.3196 -0.1052 0.2697 0.1340
0.3206 -0.1055 0.2711 0.1343
0.3217 -0.1057 0.2725 0.1347
0.3227 -0.1060 0.2739 0.1351
0.3238 -0.1062 0.2752 0.1354
0.3248 -0.1065 0.2766 0.1358
0.3259 -0.1067 0.2780 0.1362
0.3269 -0.1070 0.2794 0.1365
0.3280 -0.1072 0.2807 0.1369
0.3290 -0.1075 0.2821 0.1372
0.3301 -0.1077 0.2835 0.1376
0.3311 -0.1080 0.2849 0.1379
0.3322 -0.1082 0.2862 0.1382
0.3332 -0.1085 0.2876 0.1386
0.3343 -0.1087 0.2890 0.1389
0.3353 -0.1090 0.2903 0.1392
0.3364 -0.1092 0.2917 0.1396
0.3374 -0.1095 0.2931 0.1399
0.3385 -0.1097 0.2944 0.1402
0.3395 -0.1100 0.2958 0.1405
0.3406 -0.1102 0.2972 0.1408
0.3416 -0.1104 0.2985 0.1412
0.3427 -0.1107 0.2999 0.1415
0.3437 -0.1109 0.3013 0.1418
0.3448 -0.1112 0.3026 0.1421
0.3458 -0.1114 0.3040 0.1424
0.3469 -0.1116 0.3053 0.1427
0.3479 -0.1119 0.3067 0.1430
0.3490 -0.1121 0.3081 0.1433
0.3500 -0.1123 0.3094 0.1436
0.3511 -0.1126 0.3108 0.1439
0.3521 -0.1128 0.3121 0.1441
0.3532 -0.1130 0.3135 0.1444
0.3542 -0.1133 0.3148 0.1447
0.3553 -0.1135 0.3162 0.1450
0.3563 -0.1137 0.3175 0.1452
0.3574 -0.1140 0.3189 0.1455
0.3584 -0.1142 0.3202 0.1458
0.3595 -0.1144 0.3216 0.1461
0.3605 -0.1147 0.3229 0.1463
0.3616 -0.1149 0.3242 0.1466
0.3626 -0.1151 0.3256 0.1468
0.3637 -0.1153 0.3269 0.1471
0.3647 -0.1156 0.3283 0.1473
0.3658 -0.1158 0.3296 0.1476
0.3668 -0.1160 0.3309 0.1478
0.3679 -0.1162 0.3323 0.1481
0.3690 -0.1164 0.3336 0.1483
0.3700 -0.1167 0.3349 0.1486
0.3711 -0.1169 0.3363 0.1488
0.3721 -0.1171 0.3376 0.1490
0.3732 -0.1173 0.3389 0.1493
0.3742 -0.1175 0.3402 0.1495
0.3753 -0.1177 0.3415 0.1497
0.3763 -0.1180 0.3429 0.1499
0.3774 -0.1182 0.3442 0.1502
0.3784 -0.1184 0.3455 0.1504
0.3795 -0.1186 0.3468 0.1506
0.3806 -0.1188 0.3481 0.1508
0.3816 -0.1190 0.3494 0.1510
0.3827 -0.1192 0.3507 0.1512
0.3837 -0.1194 0.3521 0.1514
0.3848 -0.1196 0.3534 0.1516
0.3858 -0.1198 0.3547 0.1518
0.3869 -0.1200 0.3560 0.1520
0.3880 -0.1202 0.3573 0.1522
0.3890 -0.1204 0.3586 0.1524
0.3901 -0.1206 0.3599 0.1526
0.3911 -0.1208 0.3611 0.1528
0.3922 -0.1210 0.3624 0.1530
0.3933 -0.1212 0.3637 0.1532
0.3943 -0.1214 0.3650 0.1533
0.3954 -0.1216 0.3663 0.1535
0.3964 -0.1218 0.3676 0.1537
0.3975 -0.1220 0.3689 0.1539
0.3985 -0.1222 0.3701 0.1540
0.3996 -0.1224 0.3714 0.1542
0.4007 -0.1226 0.3727 0.1544
0.4017 -0.1228 0.3740 0.1545
0.4028 -0.1230 0.3752 0.1547
0.4039 -0.1231 0.3765 0.1549
0.4049 -0.1233 0.3778 0.1550
0.4060 -0.1235 0.3790 0.1552
0.4070 -0.1237 0.3803 0.1553
0.4081 -0.1239 0.3816 0.1555
0.4092 -0.1241 0.3828 0.1556
0.4102 -0.1242 0.3841 0.1558
0.4113 -0.1244 0.3853 0.1559
0.4123 -0.1246 0.3866 0.1561
0.4134 -0.1248 0.3878 0.1562
0.4145 -0.1249 0.3891 0.1564
0.4155 -0.1251 0.3903 0.1565
0.4166 -0.1253 0.3916 0.1566
0.4177 -0.1254 0.3928 0.1568
0.4187 -0.1256 0.3941 0.1569
0.4198 -0.1258 0.3953 0.1570
0.4209 -0.1259 0.3965 0.1572
0.4219 -0.1261 0.3978 0.1573
0.4230 -0.1263 0.3990 0.1574
0.4241 -0.1264 0.4002 0.1575
0.4251 -0.1266 0.4015 0.1577
0.4262 -0.1267 0.4027 0.1578
0.4272 -0.1269 0.4039 0.1579
0.4283 -0.1270 0.4051 0.1580
0.4294 -0.1272 0.4064 0.1581
0.4304 -0.1274 0.4076 0.1583
0.4315 -0.1275 0.4088 0.1584
0.4326 -0.1276 0.4100 0.1585
0.4336 -0.1278 0.4112 0.1586
0.4347 -0.1279 0.4124 0.1587
0.4358 -0.1281 0.4136 0.1588
0.4368 -0.1282 0.4148 0.1589
0.4379 -0.1284 0.4160 0.1590
0.4390 -0.1285 0.4172 0.1591
0.4401 -0.1286 0.4184 0.1592
0.4411 -0.1288 0.4196 0.1593
0.4422 -0.1289 0.4208 0.1594
0.4433 -0.1291 0.4220 0.1595
0.4443 -0.1292 0.4232 0.1596
0.4454 -0.1293 0.4244 0.1597
0.4465 -0.1294 0.4256 0.1598
0.4475 -0.1296 0.4268 0.1599
0.4486 -0.1297 0.4280 0.1599
0.4497 -0.1298 0.4291 0.1600
0.4507 -0.1299 0.4303 0.1601
0.4518 -0.1301 0.4315 0.1602
0.4529 -0.1302 0.4327 0.1603
0.4540 -0.1303 0.4338 0.1604
0.4550 -0.1304 0.4350 0.1604
0.4561 -0.1305 0.4362 0.1605
0.4572 -0.1306 0.4374 0.1606
0.4582 -0.1307 0.4385 0.1607
0.4593 -0.1309 0.4397 0.1608
0.4604 -0.1310 0.4408 0.1608
0.4615 -0.1311 0.4420 0.1609
0.4625 -0.1312 0.4432 0.1610
0.4636 -0.1313 0.4443 0.1610
0.4647 -0.1314 0.4455 0.1611
0.4657 -0.1315 0.4466 0.1612
0.4668 -0.1316 0.4478 0.1612
0.4679 -0.1317 0.4489 0.1613
0.4690 -0.1318 0.4501 0.1614
0.4700 -0.1319 0.4512 0.1614
0.4711 -0.1319 0.4524 0.1615
0.4722 -0.1320 0.4535 0.1616
0.4733 -0.1321 0.4547 0.1616
0.4743 -0.1322 0.4558 0.1617
0.4754 -0.1323 0.4569 0.1617
0.4765 -0.1324 0.4581 0.1618
0.4776 -0.1324 0.4592 0.1618
0.4786 -0.1325 0.4603 0.1619
0.4797 -0.1326 0.4615 0.1620
0.4808 -0.1327 0.4626 0.1620
0.4818 -0.1327 0.4637 0.1621
0.4829 -0.1328 0.4649 0.1621
0.4840 -0.1329 0.4660 0.1622
0.4851 -0.1329 0.4671 0.1622
0.4861 -0.1330 0.4682 0.1623
0.4872 -0.1331 0.4694 0.1623
0.4883 -0.1331 0.4705 0.1623
0.4894 -0.1332 0.4716 0.1624
0.4904 -0.1332 0.4727 0.1624
0.4915 -0.1333 0.4738 0.1625
0.4926 -0.1333 0.4749 0.1625
0.4937 -0.1334 0.4761 0.1626
0.4948 -0.1334 0.4772 0.1626
0.4958 -0.1335 0.4783 0.1626
0.4969 -0.1335 0.4794 0.1627
0.4980 -0.1336 0.4805 0.1627
0.4991 -0.1336 0.4816 0.1628
0.5001 -0.1337 0.4827 0.1628
0.5012 -0.1337 0.4838 0.1628
0.5023 -0.1337 0.4849 0.1629
0.5034 -0.1338 0.4860 0.1629
0.5044 -0.1338 0.4871 0.1629
0.5055 -0.1338 0.4882 0.1630
0.5066 -0.1338 0.4893 0.1630
0.5077 -0.1339 0.4904 0.1630
0.5087 -0.1339 0.4915 0.1631
0.5098 -0.1339 0.4926 0.1631
0.5109 -0.1339 0.4937 0.1631
0.5120 -0.1339 0.4948 0.1631
0.5131 -0.1340 0.4959 0.1632
0.5141 -0.1340 0.4970 0.1632
0.5152 -0.1340 0.4981 0.1632
0.5163 -0.1340 0.4992 0.1632
0.5174 -0.1340 0.5002 0.1633
0.5184 -0.1340 0.5013 0.1633
0.5195 -0.1340 0.5024 0.1633
0.5206 -0.1340 0.5035 0.1633
0.5217 -0.1340 0.5046 0.1634
0.5227 -0.1340 0.5057 0.1634
0.5238 -0.1340 0.5068 0.1634
0.5249 -0.1340 0.5078 0.1634
0.5260 -0.1340 0.5089 0.1634
0.5271 -0.1340 0.5100 0.1635
0.5281 -0.1339 0.5111 0.1635
0.5292 -0.1339 0.5122 0.1635
0.5303 -0.1339 0.5132 0.1635
0.5314 -0.1339 0.5143 0.1635
0.5324 -0.1339 0.5154 0.1635
0.5335 -0.1338 0.5165 0.1635
0.5346 -0.1338 0.5175 0.1636
0.5357 -0.1338 0.5186 0.1636
0.5367 -0.1337 0.5197 0.1636
0.5378 -0.1337 0.5208 0.1636
0.5389 -0.1337 0.5218 0.1636
0.5400 -0.1336 0.5229 0.1636
0.5410 -0.1336 0.5240 0.1636
0.5421 -0.1336 0.5251 0.1636
0.5432 -0.1335 0.5261 0.1636
0.5443 -0.1335 0.5272 0.1636
0.5454 -0.1334 0.5283 0.1636
0.5464 -0.1334 0.5293 0.1636
0.5475 -0.1333 0.5304 0.1636
0.5486 -0.1333 0.5315 0.1636
0.5497 -0.1332 0.5326 0.1636
0.5507 -0.1331 0.5336 0.1636
0.5518 -0.1331 0.5347 0.1636
0.5529 -0.1330 0.5358 0.1636
0.5540 -0.1329 0.5368 0.1636
0.5550 -0.1329 0.5379 0.1636
0.5561 -0.1328 0.5390 0.1636
0.5572 -0.1327 0.5400 0.1636
0.5583 -0.1327 0.5411 0.1636
0.5593 -0.1326 0.5422 0.1636
0.5604 -0.1325 0.5433 0.1636
0.5615 -0.1324 0.5443 0.1636
0.5626 -0.1323 0.5454 0.1636
0.5636 -0.1322 0.5465 0.1636
0.5647 -0.1322 0.5475 0.1636
0.5658 -0.1321 0.5486 0.1636
0.5668 -0.1320 0.5497 0.1635
0.5679 -0.1319 0.5507 0.1635
0.5690 -0.1318 0.5518 0.1635
0.5701 -0.1317 0.5529 0.1635
0.5711 -0.1316 0.5539 0.1635
0.5722 -0.1315 0.5550 0.1635
0.5733 -0.1314 0.5561 0.1634
0.5743 -0.1313 0.5572 0.1634
0.5754 -0.1312 0.5582 0.1634
0.5765 -0.1310 0.5593 0.1634
0.5776 -0.1309 0.5604 0.1634
0.5786 -0.1308 0.5614 0.1633
0.5797 -0.1307 0.5625 0.1633
0.5808 -0.1306 0.5636 0.1633
0.5818 -0.1305 0.5647 0.1633
0.5829 -0.1303 0.5657 0.1632
0.5840 -0.1302 0.5668 0.1632
0.5851 -0.1301 0.5679 0.1632
0.5861 -0.1299 0.5690 0.1631
0.5872 -0.1298 0.5700 0.1631
0.5883 -0.1297 0.5711 0.1631
0.5893 -0.1295 0.5722 0.1631
0.5904 -0.1294 0.5733 0.1630
0.5915 -0.1293 0.5743 0.1630
0.5925 -0.1291 0.5754 0.1629
0.5936 -0.1290 0.5765 0.1629
0.5947 -0.1288 0.5776 0.1629
0.5957 -0.1287 0.5787 0.1628
0.5968 -0.1285 0.5798 0.1628
0.5979 -0.1284 0.5808 0.1627
0.5989 -0.1282 0.5819 0.1627
0.6000 -0.1280 0.5830 0.1627
0.6011 -0.1279 0.5841 0.1626
0.6021 -0.1277 0.5852 0.1626
0.6032 -0.1275 0.5863 0.1625
0.6042 -0.1274 0.5874 0.1625
0.6053 -0.1272 0.5885 0.1624
0.6064 -0.1270 0.5895 0.1624
0.6074 -0.1269 0.5906 0.1623
0.6085 -0.1267 0.5917 0.1622
0.6096 -0.1265 0.5928 0.1622
0.6106 -0.1263 0.5939 0.1621
0.6117 -0.1261 0.5950 0.1621
0.6127 -0.1260 0.5961 0.1620
0.6138 -0.1258 0.5972 0.1620
0.6149 -0.1256 0.5983 0.1619
0.6159 -0.1254 0.5994 0.1618
0.6170 -0.1252 0.6005 0.1618
0.6180 -0.1250 0.6016 0.1617
0.6191 -0.1248 0.6027 0.1616
0.6202 -0.1246 0.6039 0.1616
0.6212 -0.1244 0.6050 0.1615
0.6223 -0.1242 0.6061 0.1614
0.6233 -0.1240 0.6072 0.1613
0.6244 -0.1238 0.6083 0.1613
0.6254 -0.1236 0.6094 0.1612
0.6265 -0.1234 0.6105 0.1611
0.6276 -0.1232 0.6117 0.1610
0.6286 -0.1229 0.6128 0.1609
0.6297 -0.1227 0.6139 0.1609
0.6307 -0.1225 0.6150 0.1608
0.6318 -0.1223 0.6162 0.1607
0.6328 -0.1221 0.6173 0.1606
0.6339 -0.1218 0.6184 0.1605
0.6349 -0.1216 0.6196 0.1604
0.6360 -0.1214 0.6207 0.1603
0.6370 -0.1211 0.6218 0.1602
0.6381 -0.1209 0.6230 0.1601
0.6391 -0.1207 0.6241 0.1600
0.6402 -0.1204 0.6252 0.1599
0.6412 -0.1202 0.6264 0.1599
0.6423 -0.1199 0.6275 0.1597
0.6433 -0.1197 0.6287 0.1596
0.6444 -0.1195 0.6298 0.1595
0.6454 -0.1192 0.6310 0.1594
0.6465 -0.1190 0.6321 0.1593
0.6475 -0.1187 0.6333 0.1592
0.6486 -0.1185 0.6345 0.1591
0.6496 -0.1182 0.6356 0.1590
0.6507 -0.1179 0.6368 0.1589
0.6517 -0.1177 0.6380 0.1588
0.6528 -0.1174 0.6391 0.1587
0.6538 -0.1172 0.6403 0.1585
0.6549 -0.1169 0.6415 0.1584
0.6559 -0.1166 0.6427 0.1583
0.6569 -0.1164 0.6438 0.1582
0.6580 -0.1161 0.6450 0.1580
0.6590 -0.1158 0.6462 0.1579
0.6601 -0.1155 0.6474 0.1578
0.6611 -0.1153 0.6486 0.1577
0.6621 -0.1150 0.6498 0.1575
0.6632 -0.1147 0.6510 0.1574
0.6642 -0.1144 0.6522 0.1573
0.6653 -0.1141 0.6534 0.1571
0.6663 -0.1139 0.6546 0.1570
0.6673 -0.1136 0.6558 0.1568
0.6684 -0.1133 0.6570 0.1567
0.6694 -0.1130 0.6582 0.1566
0.6704 -0.1127 0.6594 0.1564
0.6715 -0.1124 0.6606 0.1563
0.6725 -0.1121 0.6619 0.1561
0.6736 -0.1118 0.6631 0.1560
0.6746 -0.1115 0.6643 0.1558
0.6756 -0.1112 0.6655 0.1557
0.6767 -0.1109 0.6668 0.1555
0.6777 -0.1106 0.6680 0.1554
0.6787 -0.1103 0.6693 0.1552
0.6798 -0.1100 0.6705 0.1550
0.6808 -0.1097 0.6717 0.1549
0.6818 -0.1094 0.6730 0.1547
0.6828 -0.1090 0.6743 0.1545
0.6839 -0.1087 0.6755 0.1544
0.6849 -0.1084 0.6768 0.1542
0.6859 -0.1081 0.6780 0.1540
0.6870 -0.1078 0.6793 0.1539
0.6880 -0.1074 0.6806 0.1537
0.6890 -0.1071 0.6818 0.1535
0.6900 -0.1068 0.6831 0.1533
0.6911 -0.1065 0.6844 0.1532
0.6921 -0.1061 0.6857 0.1530
0.6931 -0.1058 0.6870 0.1528
0.6941 -0.1055 0.6883 0.1526
0.6952 -0.1051 0.6896 0.1524
0.6962 -0.1048 0.6908 0.1523
0.6972 -0.1045 0.6921 0.1521
0.6982 -0.1041 0.6935 0.1519
0.6993 -0.1038 0.6948 0.1517
0.7003 -0.1034 0.6961 0.1515
0.7013 -0.1031 0.6974 0.1513
0.7023 -0.1028 0.6987 0.1511
0.7033 -0.1024 0.7000 0.1509
0.7044 -0.1021 0.7013 0.1507
0.7054 -0.1017 0.7027 0.1505
0.7064 -0.1014 0.7040 0.1503
0.7074 -0.1010 0.7053 0.1501
0.7084 -0.1007 0.7067 0.1499
0.7094 -0.1003 0.7080 0.1497
0.7105 -0.0999 0.7094 0.1495
0.7115 -0.0996 0.7107 0.1493
0.7125 -0.0992 0.7121 0.1491
0.7135 -0.0989 0.7134 0.1488
0.7145 -0.0985 0.7148 0.1486
0.7155 -0.0981 0.7162 0.1484
0.7165 -0.0978 0.7175 0.1482
0.7176 -0.0974 0.7189 0.1480
0.7186 -0.0970 0.7203 0.1478
0.7196 -0.0967 0.7217 0.1475
0.7206 -0.0963 0.7230 0.1473
0.7216 -0.0959 0.7244 0.1471
0.7226 -0.0955 0.7258 0.1469
0.7236 -0.0952 0.7272 0.1466
0.7246 -0.0948 0.7286 0.1464
0.7256 -0.0944 0.7300 0.1462
0.7266 -0.0940 0.7314 0.1459
0.7277 -0.0936 0.7328 0.1457
0.7287 -0.0933 0.7342 0.1455
0.7297 -0.0929 0.7357 0.1452
0.7307 -0.0925 0.7371 0.1450
0.7317 -0.0921 0.7385 0.1448
0.7327 -0.0917 0.7399 0.1445
0.7337 -0.0913 0.7414 0.1443
0.7347 -0.0909 0.7428 0.1440
0.7357 -0.0905 0.7442 0.1438
0.7367 -0.0901 0.7457 0.1435
0.7377 -0.0898 0.7471 0.1433
0.7387 -0.0894 0.7486 0.1431
0.7397 -0.0890 0.7500 0.1428
0.7407 -0.0886 0.7515 0.1426
0.7417 -0.0882 0.7530 0.1423
0.7427 -0.0878 0.7544 0.1421
0.7437 -0.0874 0.7559 0.1418
0.7447 -0.0870 0.7574 0.1415
0.7457 -0.0865 0.7588 0.1413
0.7467 -0.0861 0.7603 0.1410
0.7477 -0.0857 0.7618 0.1408
0.7487 -0.0853 0.7633 0.1405
0.7497 -0.0849 0.7648 0.1403
0.7507 -0.0845 0.7663 0.1400
0.7517 -0.0841 0.7678 0.1397
0.7527 -0.0837 0.7693 0.1395
0.7537 -0.0833 0.7708 0.1392
0.7547 -0.0829 0.7723 0.1389
0.7556 -0.0824 0.7738 0.1387
0.7566 -0.0820 0.7753 0.1384
0.7576 -0.0816 0.7768 0.1381
0.7586 -0.0812 0.7783 0.1379
0.7596 -0.0808 0.7799 0.1376
0.7606 -0.0803 0.7814 0.1373
0.7616 -0.0799 0.7829 0.1370
0.7626 -0.0795 0.7845 0.1368
0.7636 -0.0791 0.7860 0.1365
0.7646 -0.0786 0.7875 0.1362
0.7656 -0.0782 0.7891 0.1359
0.7665 -0.0778 0.7906 0.1357
0.7675 -0.0774 0.7922 0.1354
0.7685 -0.0769 0.7937 0.1351
0.7695 -0.0765 0.7953 0.1348
0.7705 -0.0761 0.7969 0.1345
0.7715 -0.0756 0.7984 0.1343
0.7725 -0.0752 0.8000 0.1340
0.7735 -0.0748 0.8015 0.1337
0.7744 -0.0743 0.8031 0.1334
0.7754 -0.0739 0.8047 0.1331
0.7764 -0.0735 0.8063 0.1328
0.7774 -0.0730 0.8079 0.1326
0.7784 -0.0726 0.8094 0.1323
0.7794 -0.0721 0.8110 0.1320
0.7803 -0.0717 0.8126 0.1317
0.7813 -0.0713 0.8142 0.1314
0.7823 -0.0708 0.8158 0.1311
0.7833 -0.0704 0.8174 0.1308
0.7843 -0.0699 0.8190 0.1305
0.7852 -0.0695 0.8206 0.1302
0.7862 -0.0690 0.8222 0.1299
0.7872 -0.0686 0.8238 0.1296
0.7882 -0.0681 0.8254 0.1293
0.7892 -0.0677 0.8270 0.1290
0.7901 -0.0673 0.8286 0.1287
0.7911 -0.0668 0.8302 0.1284
0.7921 -0.0664 0.8318 0.1281
0.7931 -0.0659 0.8334 0.1278
0.7941 -0.0655 0.8351 0.1275
0.7950 -0.0650 0.8367 0.1272
0.7960 -0.0646 0.8383 0.1269
0.7970 -0.0641 0.8399 0.1266
0.7980 -0.0637 0.8416 0.1263
0.7990 -0.0632 0.8432 0.1260
0.7999 -0.0627 0.8448 0.1257
0.8009 -0.0623 0.8464 0.1254
0.8019 -0.0618 0.8481 0.1251
0.8029 -0.0614 0.8497 0.1248
0.8038 -0.0609 0.8513 0.1245
0.8048 -0.0605 0.8530 0.1242
0.8058 -0.0600 0.8546 0.1238
0.8068 -0.0596 0.8562 0.1235
0.8077 -0.0591 0.8579 0.1232
0.8087 -0.0586 0.8595 0.1229
0.8097 -0.0582 0.8612 0.1226
0.8107 -0.0577 0.8628 0.1223
0.8116 -0.0573 0.8644 0.1219
0.8126 -0.0568 0.8661 0.1216
0.8136 -0.0564 0.8677 0.1213
0.8146 -0.0559 0.8694 0.1210
0.8155 -0.0554 0.8710 0.1207
0.8165 -0.0550 0.8726 0.1203
0.8175 -0.0545 0.8743 0.1200
0.8185 -0.0541 0.8759 0.1197
0.8194 -0.0536 0.8776 0.1194
0.8204 -0.0531 0.8792 0.1190
0.8214 -0.0527 0.8808 0.1187
0.8223 -0.0522 0.8825 0.1184
0.8233 -0.0518 0.8841 0.1180
0.8243 -0.0513 0.8858 0.1177
0.8253 -0.0508 0.8874 0.1173
0.8262 -0.0504 0.8890 0.1170
0.8272 -0.0499 0.8907 0.1167
0.8282 -0.0494 0.8923 0.1163
0.8292 -0.0490 0.8940 0.1160
0.8301 -0.0485 0.8956 0.1156
0.8311 -0.0481 0.8972 0.1153
0.8321 -0.0476 0.8989 0.1149
0.8331 -0.0471 0.9005 0.1146
0.8340 -0.0467 0.9021 0.1142
0.8350 -0.0462 0.9038 0.1139
0.8360 -0.0458 0.9054 0.1135
0.8370 -0.0453 0.9070 0.1132
0.8379 -0.0449 0.9086 0.1128
0.8389 -0.0444 0.9103 0.1125
0.8399 -0.0439 0.9119 0.1121
0.8409 -0.0435 0.9135 0.1117
0.8418 -0.0430 0.9151 0.1114
0.8428 -0.0426 0.9167 0.1110
0.8438 -0.0421 0.9184 0.1106
0.8448 -0.0416 0.9200 0.1102
0.8457 -0.0412 0.9216 0.1099
0.8467 -0.0407 0.9232 0.1095
0.8477 -0.0403 0.9248 0.1091
0.8487 -0.0398 0.9264 0.1087
0.8496 -0.0394 0.9280 0.1083
0.8506 -0.0389 0.9296 0.1079
0.8516 -0.0385 0.9312 0.1075
0.8526 -0.0380 0.9327 0.1071
0.8535 -0.0376 0.9343 0.1067
0.8545 -0.0371 0.9359 0.1063
0.8555 -0.0367 0.9375 0.1059
0.8565 -0.0362 0.9391 0.1055
0.8575 -0.0358 0.9406 0.1051
0.8584 -0.0353 0.9422 0.1047
0.8594 -0.0349 0.9438 0.1043
0.8604 -0.0344 0.9453 0.1039
0.8614 -0.0340 0.9469 0.1034
0.8624 -0.0335 0.9484 0.1030
0.8633 -0.0331 0.9500 0.1026
0.8643 -0.0327 0.9515 0.1021
0.8653 -0.0322 0.9530 0.1017
0.8663 -0.0318 0.9546 0.1013
0.8673 -0.0313 0.9561 0.1008
0.8683 -0.0309 0.9576 0.1004
0.8693 -0.0305 0.9591 0.0999
0.8702 -0.0300 0.9606 0.0995
0.8712 -0.0296 0.9621 0.0990
0.8722 -0.0292 0.9636 0.0985
0.8732 -0.0288 0.9651 0.0981
0.8742 -0.0283 0.9666 0.0976
0.8752 -0.0279 0.9681 0.0971
0.8762 -0.0275 0.9696 0.0966
0.8772 -0.0270 0.9710 0.0961
0.8781 -0.0266 0.9725 0.0956
0.8791 -0.0262 0.9739 0.0951
0.8801 -0.0258 0.9754 0.0946
0.8811 -0.0254 0.9768 0.0941
0.8821 -0.0250 0.9783 0.0936
0.8831 -0.0245 0.9797 0.0931
0.8841 -0.0241 0.9811 0.0926
0.8851 -0.0237 0.9825 0.0921
0.8861 -0.0233 0.9839 0.0915
0.8871 -0.0229 0.9853 0.0910
0.8881 -0.0225 0.9867 0.0905
0.8891 -0.0221 0.9881 0.0899
0.8901 -0.0217 0.9894 0.0894
0.8911 -0.0213 0.9908 0.0888
0.8921 -0.0209 0.9922 0.0883
0.8931 -0.0205 0.9935 0.0877
0.8941 -0.0201 0.9948 0.0871
0.8951 -0.0197 0.9962 0.0866
0.8961 -0.0193 0.9975 0.0860
0.8971 -0.0189 0.9988 0.0854
0.8981 -0.0186 1.0001 0.0848
0.8991 -0.0182 1.0014 0.0842
0.9001 -0.0178 1.0027 0.0836
0.9011 -0.0174 1.0039 0.0830
0.9022 -0.0171 1.0052 0.0824
0.9032 -0.0167 1.0064 0.0818
0.9042 -0.0163 1.0077 0.0812
0.9052 -0.0160 1.0089 0.0805
0.9062 -0.0156 1.0101 0.0799
0.9072 -0.0152 1.0113 0.0793
0.9082 -0.0149 1.0125 0.0786
0.9093 -0.0145 1.0137 0.0780
0.9103 -0.0142 1.0149 0.0773
0.9113 -0.0138 1.0160 0.0767
0.9123 -0.0135 1.0172 0.0760
0.9133 -0.0131 1.0183 0.0753
0.9144 -0.0128 1.0194 0.0747
0.9154 -0.0124 1.0206 0.0740
0.9164 -0.0121 1.0217 0.0733
0.9174 -0.0118 1.0227 0.0726
0.9185 -0.0115 1.0238 0.0719
0.9195 -0.0111 1.0249 0.0712
0.9205 -0.0108 1.0259 0.0705
0.9215 -0.0105 1.0269 0.0698
0.9226 -0.0102 1.0280 0.0691
0.9236 -0.0099 1.0290 0.0684
0.9246 -0.0096 1.0300 0.0677
0.9257 -0.0093 1.0309 0.0669
0.9267 -0.0090 1.0319 0.0662
0.9277 -0.0087 1.0328 0.0655
0.9288 -0.0084 1.0338 0.0647
0.9298 -0.0081 1.0347 0.0640
0.9308 -0.0078 1.0356 0.0632
0.9319 -0.0075 1.0365 0.0625
0.9329 -0.0072 1.0373 0.0617
0.9340 -0.0069 1.0382 0.0610
0.9350 -0.0067 1.0390 0.0602
0.9360 -0.0064 1.0398 0.0595
0.9371 -0.0061 1.0406 0.0587
0.9381 -0.0059 1.0414 0.0579
0.9392 -0.0056 1.0422 0.0571
0.9402 -0.0054 1.0429 0.0564
0.9413 -0.0051 1.0437 0.0556
0.9423 -0.0049 1.0444 0.0548
0.9434 -0.0046 1.0451 0.0540
0.9444 -0.0044 1.0458 0.0532
0.9455 -0.0042 1.0464 0.0525
0.9465 -0.0039 1.0471 0.0517
0.9476 -0.0037 1.0477 0.0509
0.9486 -0.0035 1.0483 0.0501
0.9497 -0.0033 1.0489 0.0493
0.9507 -0.0031 1.0495 0.0485
0.9518 -0.0029 1.0500 0.0477
0.9529 -0.0026 1.0506 0.0469
0.9539 -0.0024 1.0511 0.0461
0.9550 -0.0023 1.0516 0.0453
0.9560 -0.0021 1.0521 0.0445
0.9571 -0.0019 1.0525 0.0437
0.9582 -0.0017 1.0530 0.0429
0.9592 -0.0015 1.0534 0.0421
0.9603 -0.0013 1.0538 0.0414
0.9613 -0.0012 1.0542 0.0406
0.9624 -0.0010 1.0545 0.0398
0.9635 -0.0008 1.0549 0.0390
0.9645 -0.0007 1.0552 0.0382
0.9656 -0.0005 1.0555 0.0374
0.9667 -0.0004 1.0557 0.0366
0.9677 -0.0003 1.0560 0.0359
0.9688 -0.0001 1.0562 0.0351
0.9699 0.0000 1.0565 0.0343
0.9709 0.0001 1.0566 0.0335
0.9720 0.0003 1.0568 0.0328
0.9731 0.0004 1.0570 0.0320
0.9742 0.0005 1.0571 0.0313
0.9752 0.0006 1.0572 0.0305
0.9763 0.0007 1.0573 0.0298
0.9774 0.0008 1.0574 0.0290
0.9784 0.0009 1.0574 0.0283
0.9795 0.0010 1.0575 0.0275
0.9806 0.0011 1.0575 0.0268
0.9817 0.0012 1.0574 0.0261
0.9827 0.0013 1.0574 0.0254
0.9838 0.0013 1.0573 0.0247
0.9849 0.0014 1.0573 0.0240
0.9860 0.0015 1.0572 0.0233
0.9870 0.0015 1.0570 0.0226
0.9881 0.0016 1.0569 0.0219
0.9892 0.0016 1.0567 0.0213
0.9903 0.0017 1.0566 0.0206
0.9913 0.0017 1.0563 0.0199
0.9924 0.0018 1.0561 0.0193
0.9935 0.0018 1.0559 0.0187
0.9946 0.0018 1.0556 0.0180
0.9957 0.0019 1.0553 0.0174
0.9967 0.0019 1.0550 0.0168
0.9978 0.0019 1.0547 0.0162
0.9989 0.0019 1.0543 0.0156
1.0000 0.0019 1.0539 0.0150
1.0010 0.0019 1.0536 0.0145
1.0021 0.0019 1.0531 0.0139
1.0032 0.0019 1.0527 0.0134
1.0043 0.0019 1.0523 0.0128
1.0053 0.0019 1.0518 0.0123
1.0064 0.0019 1.0513 0.0118
1.0075 0.0018 1.0508 0.0113
1.0086 0.0018 1.0502 0.0108
1.0097 0.0018 1.0497 0.0103
1.0107 0.0017 1.0491 0.0099
1.0118 0.0017 1.0485 0.0094
1.0129 0.0016 1.0479 0.0090
1.0140 0.0016 1.0473 0.0086
1.0150 0.0015 1.0466 0.0082
1.0161 0.0015 1.0460 0.0078
1.0172 0.0014 1.0453 0.0074
1.0183 0.0013 1.0446 0.0071
1.0193 0.0013 1.0439 0.0067
1.0204 0.0012 1.0431 0.0064
1.0215 0.0011 1.0424 0.0061
1.0226 0.0010 1.0416 0.0058
1.0236 0.0010 1.0408 0.0055
1.0247 0.0009 1.0400 0.0053
1.0258 0.0008 1.0392 0.0050
1.0268 0.0007 1.0384 0.0048
1.0279 0.0006 1.0375 0.0046
1.0290 0.0005 1.0367 0.0045
1.0301 0.0003 1.0358 0.0043
1.0311 0.0002 1.0349 0.0042
1.0322 0.0001 1.0340 0.0041
1.0333 0.0000 1.0350 0.0038
1.0333 0.0000 1.0333 0.0000
