0.0000 0.0000 0.0000 0.0000
0.0010 -0.0004 0.0010 0.0003
0.0020 -0.0008 0.0020 0.0005
0.0030 -0.0011 0.0030 0.0008
0.0040 -0.0015 0.0040 0.0011
0.0050 -0.0019 0.0050 0.0014
0.0060 -0.0023 0.0060 0.0017
0.0071 -0.0026 0.0070 0.0019
0.0081 -0.0030 0.0081 0.0022
0.0091 -0.0034 0.0091 0.0025
0.0101 -0.0038 0.0101 0.0028
0.0111 -0.0041 0.0111 0.0031
0.0121 -0.0045 0.0121 0.0034
0.0131 -0.0049 0.0132 0.0037
0.0141 -0.0052 0.0142 0.0040
0.0151 -0.0056 0.0152 0.0043
0.0162 -0.0060 0.0162 0.0046
0.0172 -0.0063 0.0172 0.0049
0.0182 -0.0067 0.0183 0.0052
0.0192 -0.0071 0.0193 0.0055
0.0202 -0.0074 0.0203 0.0058
0.0212 -0.0078 0.0214 0.0061
0.0222 -0.0082 0.0224 0.0064
0.0233 -0.0085 0.0234 0.0067
0.0243 -0.0089 0.0245 0.0070
0.0253 -0.0092 0.0255 0.0074
0.0263 -0.0096 0.0265 0.0077
0.0273 -0.0100 0.0276 0.0080
0.0283 -0.0103 0.0286 0.0083
0.0294 -0.0107 0.0297 0.0087
0.0304 -0.0110 0.0307 0.0090
0.0314 -0.0114 0.0317 0.0093
0.0324 -0.0117 0.0328 0.0096
0.0334 -0.0121 0.0338 0.0100
0.0344 -0.0124 0.0349 0.0103
0.0355 -0.0128 0.0359 0.0107
0.0365 -0.0131 0.0370 0.0110
0.0375 -0.0135 0.0380 0.0113
0.0385 -0.0138 0.0391 0.0117
0.0395 -0.0142 0.0401 0.0120
0.0406 -0.0145 0.0411 0.0124
0.0416 -0.0149 0.0422 0.0127
0.0426 -0.0152 0.0432 0.0131
0.0436 -0.0155 0.0443 0.0134
0.0446 -0.0159 0.0453 0.0138
0.0457 -0.0162 0.0464 0.0142
0.0467 -0.0166 0.0474 0.0145
0.0477 -0.0169 0.0485 0.0149
0.0487 -0.0172 0.0496 0.0152
0.0498 -0.0176 0.0506 0.0156
0.0508 -0.0179 0.0517 0.0160
0.0518 -0.0182 0.0527 0.0163
0.0528 -0.0186 0.0538 0.0167
0.0538 -0.0189 0.0548 0.0171
0.0549 -0.0193 0.0559 0.0175
0.0559 -0.0196 0.0569 0.0179
0.0569 -0.0199 0.0580 0.0182
0.0579 -0.0202 0.0590 0.0186
0.0590 -0.0206 0.0601 0.0190
0.0600 -0.0209 0.0611 0.0194
0.0610 -0.0212 0.0622 0.0198
0.0620 -0.0216 0.0633 0.0202
0.0631 -0.0219 0.0643 0.0206
0.0641 -0.0222 0.0654 0.0210
0.0651 -0.0225 0.0664 0.0214
0.0662 -0.0229 0.0675 0.0218
0.0672 -0.0232 0.0685 0.0222
0.0682 -0.0235 0.0696 0.0226
0.0692 -0.0238 0.0707 0.0230
0.0703 -0.0242 0.0717 0.0234
0.0713 -0.0245 0.0728 0.0238
0.0723 -0.0248 0.0738 0.0242
0.0733 -0.0251 0.0749 0.0246
0.0744 -0.0254 0.0759 0.0250
0.0754 -0.0258 0.0770 0.0254
0.0764 -0.0261 0.0781 0.0258
0.0775 -0.0264 0.0791 0.0263
0.0785 -0.0267 0.0802 0.0267
0.0795 -0.0270 0.0812 0.0271
0.0806 -0.0273 0.0823 0.0275
0.0816 -0.0277 0.0833 0.0280
0.0826 -0.0280 0.0844 0.0284
0.0836 -0.0283 0.0854 0.0288
0.0847 -0.0286 0.0865 0.0292
0.0857 -0.0289 0.0875 0.0297
0.0867 -0.0292 0.0886 0.0301
0.0878 -0.0295 0.0897 0.0306
0.0888 -0.0298 0.0907 0.0310
0.0898 -0.0301 0.0918 0.0314
0.0909 -0.0305 0.0928 0.0319
0.0919 -0.0308 0.0939 0.0323
0.0929 -0.0311 0.0949 0.0328
0.0940 -0.0314 0.0960 0.0332
0.0950 -0.0317 0.0970 0.0336
0.0960 -0.0320 0.0981 0.0341
0.0971 -0.0323 0.0991 0.0345
0.0981 -0.0326 0.1002 0.0350
0.0991 -0.0329 0.1012 0.0355
0.1002 -0.0332 0.1023 0.0359
0.1012 -0.0335 0.1033 0.0364
0.1022 -0.0338 0.1044 0.0368
0.1033 -0.0341 0.1054 0.0373
0.1043 -0.0344 0.1065 0.0377
0.1053 -0.0347 0.1075 0.0382
0.1064 -0.0350 0.1086 0.0387
0.1074 -0.0353 0.1096 0.0391
0.1084 -0.0356 0.1107 0.0396
0.1095 -0.0359 0.1117 0.0401
0.1105 -0.0362 0.1128 0.0405
0.1115 -0.0365 0.1138 0.0410
0.1126 -0.0368 0.1149 0.0415
0.1136 -0.0371 0.1159 0.0419
0.1147 -0.0374 0.1170 0.0424
0.1157 -0.0376 0.1180 0.0429
0.1167 -0.0379 0.1191 0.0434
0.1178 -0.0382 0.1201 0.0438
0.1188 -0.0385 0.1212 0.0443
0.1198 -0.0388 0.1222 0.0448
0.1209 -0.0391 0.1232 0.0453
0.1219 -0.0394 0.1243 0.0457
0.1230 -0.0397 0.1253 0.0462
0.1240 -0.0400 0.1264 0.0467
0.1250 -0.0402 0.1274 0.0472
0.1261 -0.0405 0.1285 0.0477
0.1271 -0.0408 0.1295 0.0481
0.1281 -0.0411 0.1305 0.0486
0.1292 -0.0414 0.1316 0.0491
0.1302 -0.0417 0.1326 0.0496
0.1313 -0.0419 0.1337 0.0501
0.1323 -0.0422 0.1347 0.0506
0.1333 -0.0425 0.1358 0.0511
0.1344 -0.0428 0.1368 0.0516
0.1354 -0.0431 0.1378 0.0520
0.1365 -0.0434 0.1389 0.0525
0.1375 -0.0436 0.1399 0.0530
0.1385 -0.0439 0.1410 0.0535
0.1396 -0.0442 0.1420 0.0540
0.1406 -0.0445 0.1430 0.0545
0.1417 -0.0447 0.1441 0.0550
0.1427 -0.0450 0.1451 0.0555
0.1437 -0.0453 0.1462 0.0560
0.1448 -0.0456 0.1472 0.0565
0.1458 -0.0458 0.1482 0.0570
0.1469 -0.0461 0.1493 0.0575
0.1479 -0.0464 0.1503 0.0580
0.1490 -0.0467 0.1514 0.0585
0.1500 -0.0469 0.1524 0.0590
0.1510 -0.0472 0.1534 0.0595
0.1521 -0.0475 0.1545 0.0600
0.1531 -0.0477 0.1555 0.0605
0.1542 -0.0480 0.1565 0.0610
0.1552 -0.0483 0.1576 0.0615
0.1563 -0.0485 0.1586 0.0620
0.1573 -0.0488 0.1597 0.0625
0.1583 -0.0491 0.1607 0.0630
0.1594 -0.0493 0.1617 0.0635
0.1604 -0.0496 0.1628 0.0640
0.1615 -0.0499 0.1638 0.0644
0.1625 -0.0501 0.1648 0.0649
0.1636 -0.0504 0.1659 0.0654
0.1646 -0.0507 0.1669 0.0659
0.1656 -0.0509 0.1679 0.0664
0.1667 -0.0512 0.1690 0.0669
0.1677 -0.0515 0.1700 0.0674
0.1688 -0.0517 0.1710 0.0679
0.1698 -0.0520 0.1721 0.0684
0.1709 -0.0522 0.1731 0.0689
0.1719 -0.0525 0.1742 0.0694
0.1730 -0.0528 0.1752 0.0699
0.1740 -0.0530 0.1762 0.0704
0.1751 -0.0533 0.1773 0.0709
0.1761 -0.0535 0.1783 0.0714
0.1771 -0.0538 0.1793 0.0719
0.1782 -0.0540 0.1804 0.0724
0.1792 -0.0543 0.1814 0.0729
0.1803 -0.0545 0.1824 0.0734
0.1813 -0.0548 0.1835 0.0739
0.1824 -0.0550 0.1845 0.0744
0.1834 -0.0553 0.1855 0.0749
0.1845 -0.0556 0.1866 0.0754
0.1855 -0.0558 0.1876 0.0759
0.1866 -0.0561 0.1887 0.0764
0.1876 -0.0563 0.1897 0.0769
0.1887 -0.0566 0.1907 0.0774
0.1897 -0.0568 0.1918 0.0779
0.1908 -0.0570 0.1928 0.0784
0.1918 -0.0573 0.1938 0.0789
0.1929 -0.0575 0.1949 0.0794
0.1939 -0.0578 0.1959 0.0799
0.1950 -0.0580 0.1969 0.0804
0.1960 -0.0583 0.1980 0.0808
0.1971 -0.0585 0.1990 0.0813
0.1981 -0.0588 0.2001 0.0818
0.1992 -0.0590 0.2011 0.0823
0.2002 -0.0593 0.2021 0.0828
0.2012 -0.0595 0.2032 0.0833
0.2023 -0.0597 0.2042 0.0838
0.2033 -0.0600 0.2053 0.0843
0.2044 -0.0602 0.2063 0.0847
0.2054 -0.0605 0.2073 0.0852
0.2065 -0.0607 0.2084 0.0857
0.2075 -0.0609 0.2094 0.0862
0.2086 -0.0612 0.2105 0.0867
0.2097 -0.0614 0.2115 0.0872
0.2107 -0.0616 0.2125 0.0876
0.2118 -0.0619 0.2136 0.0881
0.2128 -0.0621 0.2146 0.0886
0.2139 -0.0623 0.2157 0.0891
0.2149 -0.0626 0.2167 0.0895
0.2160 -0.0628 0.2177 0.0900
0.2170 -0.0630 0.2188 0.0905
0.2181 -0.0633 0.2198 0.0910
0.2191 -0.0635 0.2209 0.0914
0.2202 -0.0637 0.2219 0.0919
0.2212 -0.0640 0.2230 0.0924
0.2223 -0.0642 0.2240 0.0928
0.2233 -0.0644 0.2250 0.0933
0.2244 -0.0647 0.2261 0.0938
0.2254 -0.0649 0.2271 0.0942
0.2265 -0.0651 0.2282 0.0947
0.2275 -0.0653 0.2292 0.0952
0.2286 -0.0656 0.2303 0.0956
0.2296 -0.0658 0.2313 0.0961
0.2307 -0.0660 0.2324 0.0966
0.2317 -0.0662 0.2334 0.0970
0.2328 -0.0665 0.2345 0.0975
0.2339 -0.0667 0.2355 0.0979
0.2349 -0.0669 0.2366 0.0984
0.2360 -0.0671 0.2376 0.0988
0.2370 -0.0673 0.2387 0.0993
0.2381 -0.0676 0.2397 0.0997
0.2391 -0.0678 0.2408 0.1002
0.2402 -0.0680 0.2418 0.1006
0.2412 -0.0682 0.2429 0.1011
0.2423 -0.0684 0.2439 0.1015
0.2433 -0.0686 0.2450 0.1020
0.2444 -0.0689 0.2460 0.1024
0.2455 -0.0691 0.2471 0.1028
0.2465 -0.0693 0.2482 0.1033
0.2476 -0.0695 0.2492 0.1037
0.2486 -0.0697 0.2503 0.1042
0.2497 -0.0699 0.2513 0.1046
0.2507 -0.0701 0.2524 0.1050
0.2518 -0.0703 0.2534 0.1055
0.2528 -0.0706 0.2545 0.1059
0.2539 -0.0708 0.2556 0.1063
0.2550 -0.0710 0.2566 0.1067
0.2560 -0.0712 0.2577 0.1072
0.2571 -0.0714 0.2587 0.1076
0.2581 -0.0716 0.2598 0.1080
0.2592 -0.0718 0.2609 0.1084
0.2602 -0.0720 0.2619 0.1088
0.2613 -0.0722 0.2630 0.1093
0.2624 -0.0724 0.2641 0.1097
0.2634 -0.0726 0.2651 0.1101
0.2645 -0.0728 0.2662 0.1105
0.2655 -0.0730 0.2673 0.1109
0.2666 -0.0732 0.2683 0.1113
0.2677 -0.0734 0.2694 0.1117
0.2687 -0.0736 0.2705 0.1121
0.2698 -0.0738 0.2715 0.1125
0.2708 -0.0740 0.2726 0.1129
0.2719 -0.0742 0.2737 0.1133
0.2729 -0.0744 0.2747 0.1137
0.2740 -0.0746 0.2758 0.1141
0.2751 -0.0748 0.2769 0.1145
0.2761 -0.0750 0.2780 0.1149
0.2772 -0.0752 0.2790 0.1153
0.2782 -0.0754 0.2801 0.1157
0.2793 -0.0756 0.2812 0.1161
0.2804 -0.0758 0.2823 0.1165
0.2814 -0.0760 0.2833 0.1168
0.2825 -0.0762 0.2844 0.1172
0.2835 -0.0763 0.2855 0.1176
0.2846 -0.0765 0.2866 0.1180
0.2857 -0.0767 0.2876 0.1184
0.2867 -0.0769 0.2887 0.1187
0.2878 -0.0771 0.2898 0.1191
0.2888 -0.0773 0.2909 0.1195
0.2899 -0.0775 0.2920 0.1198
0.2910 -0.0776 0.2931 0.1202
0.2920 -0.0778 0.2941 0.1206
0.2931 -0.0780 0.2952 0.1209
0.2941 -0.0782 0.2963 0.1213
0.2952 -0.0784 0.2974 0.1216
0.2963 -0.0786 0.2985 0.1220
0.2973 -0.0787 0.2996 0.1223
0.2984 -0.0789 0.3006 0.1227
0.2995 -0.0791 0.3017 0.1230
0.3005 -0.0793 0.3028 0.1234
0.3016 -0.0794 0.3039 0.1237
0.3026 -0.0796 0.3050 0.1241
0.3037 -0.0798 0.3061 0.1244
0.3048 -0.0800 0.3072 0.1247
0.3058 -0.0801 0.3083 0.1251
0.3069 -0.0803 0.3094 0.1254
0.3080 -0.0805 0.3105 0.1257
0.3090 -0.0807 0.3116 0.1261
0.3101 -0.0808 0.3126 0.1264
0.3111 -0.0810 0.3137 0.1267
0.3122 -0.0812 0.3148 0.1270
0.3133 -0.0813 0.3159 0.1274
0.3143 -0.0815 0.3170 0.1277
0.3154 -0.0817 0.3181 0.1280
0.3165 -0.0818 0.3192 0.1283
0.3175 -0.0820 0.3203 0.1286
0.3186 -0.0822 0.3214 0.1289
0.3197 -0.0823 0.3225 0.1292
0.3207 -0.0825 0.3236 0.1295
0.3218 -0.0827 0.3247 0.1299
0.3229 -0.0828 0.3258 0.1302
0.3239 -0.0830 0.3269 0.1305
0.3250 -0.0831 0.3280 0.1307
0.3261 -0.0833 0.3291 0.1310
0.3271 -0.0835 0.3302 0.1313
0.3282 -0.0836 0.3313 0.1316
0.3292 -0.0838 0.3324 0.1319
0.3303 -0.0839 0.3336 0.1322
0.3314 -0.0841 0.3347 0.1325
0.3324 -0.0842 0.3358 0.1328
0.3335 -0.0844 0.3369 0.1330
0.3346 -0.0846 0.3380 0.1333
0.3356 -0.0847 0.3391 0.1336
0.3367 -0.0849 0.3402 0.1339
0.3378 -0.0850 0.3413 0.1341
0.3388 -0.0852 0.3424 0.1344
0.3399 -0.0853 0.3435 0.1346
0.3410 -0.0854 0.3446 0.1349
0.3420 -0.0856 0.3458 0.1352
0.3431 -0.0857 0.3469 0.1354
0.3442 -0.0859 0.3480 0.1357
0.3452 -0.0860 0.3491 0.1359
0.3463 -0.0862 0.3502 0.1362
0.3474 -0.0863 0.3513 0.1364
0.3484 -0.0865 0.3524 0.1367
0.3495 -0.0866 0.3535 0.1369
0.3506 -0.0867 0.3547 0.1372
0.3516 -0.0869 0.3558 0.1374
0.3527 -0.0870 0.3569 0.1376
0.3538 -0.0872 0.3580 0.1379
0.3549 -0.0873 0.3591 0.1381
0.3559 -0.0874 0.3602 0.1383
0.3570 -0.0876 0.3614 0.1386
0.3581 -0.0877 0.3625 0.1388
0.3591 -0.0878 0.3636 0.1390
0.3602 -0.0880 0.3647 0.1392
0.3613 -0.0881 0.3658 0.1394
0.3623 -0.0882 0.3669 0.1397
0.3634 -0.0884 0.3681 0.1399
0.3645 -0.0885 0.3692 0.1401
0.3655 -0.0886 0.3703 0.1403
0.3666 -0.0888 0.3714 0.1405
0.3677 -0.0889 0.3725 0.1407
0.3687 -0.0890 0.3737 0.1409
0.3698 -0.0891 0.3748 0.1411
0.3709 -0.0893 0.3759 0.1413
0.3720 -0.0894 0.3770 0.1415
0.3730 -0.0895 0.3782 0.1417
0.3741 -0.0896 0.3793 0.1419
0.3752 -0.0898 0.3804 0.1421
0.3762 -0.0899 0.3815 0.1423
0.3773 -0.0900 0.3826 0.1424
0.3784 -0.0901 0.3838 0.1426
0.3794 -0.0902 0.3849 0.1428
0.3805 -0.0903 0.3860 0.1430
0.3816 -0.0905 0.3871 0.1432
0.3827 -0.0906 0.3883 0.1433
0.3837 -0.0907 0.3894 0.1435
0.3848 -0.0908 0.3905 0.1437
0.3859 -0.0909 0.3916 0.1438
0.3869 -0.0910 0.3928 0.1440
0.3880 -0.0911 0.3939 0.1442
0.3891 -0.0913 0.3950 0.1443
0.3902 -0.0914 0.3961 0.1445
0.3912 -0.0915 0.3973 0.1446
0.3923 -0.0916 0.3984 0.1448
0.3934 -0.0917 0.3995 0.1449
0.3944 -0.0918 0.4006 0.1451
0.3955 -0.0919 0.4017 0.1452
0.3966 -0.0920 0.4029 0.1454
0.3977 -0.0921 0.4040 0.1455
0.3987 -0.0922 0.4051 0.1456
0.3998 -0.0923 0.4062 0.1458
0.4009 -0.0924 0.4074 0.1459
0.4020 -0.0925 0.4085 0.1460
0.4030 -0.0926 0.4096 0.1462
0.4041 -0.0927 0.4107 0.1463
0.4052 -0.0928 0.4119 0.1464
0.4062 -0.0929 0.4130 0.1466
0.4073 -0.0930 0.4141 0.1467
0.4084 -0.0931 0.4152 0.1468
0.4095 -0.0932 0.4164 0.1469
0.4105 -0.0933 0.4175 0.1470
0.4116 -0.0934 0.4186 0.1472
0.4127 -0.0935 0.4197 0.1473
0.4138 -0.0936 0.4209 0.1474
0.4148 -0.0936 0.4220 0.1475
0.4159 -0.0937 0.4231 0.1476
0.4170 -0.0938 0.4242 0.1477
0.4180 -0.0939 0.4253 0.1478
0.4191 -0.0940 0.4265 0.1479
0.4202 -0.0941 0.4276 0.1480
0.4213 -0.0942 0.4287 0.1481
0.4223 -0.0943 0.4298 0.1482
0.4234 -0.0943 0.4310 0.1483
0.4245 -0.0944 0.4321 0.1484
0.4256 -0.0945 0.4332 0.1484
0.4266 -0.0946 0.4343 0.1485
0.4277 -0.0947 0.4354 0.1486
0.4288 -0.0947 0.4366 0.1487
0.4299 -0.0948 0.4377 0.1488
0.4309 -0.0949 0.4388 0.1489
0.4320 -0.0950 0.4399 0.1489
0.4331 -0.0950 0.4410 0.1490
0.4342 -0.0951 0.4421 0.1491
0.4352 -0.0952 0.4433 0.1492
0.4363 -0.0953 0.4444 0.1492
0.4374 -0.0953 0.4455 0.1493
0.4385 -0.0954 0.4466 0.1494
0.4395 -0.0955 0.4477 0.1494
0.4406 -0.0955 0.4488 0.1495
0.4417 -0.0956 0.4500 0.1496
0.4428 -0.0957 0.4511 0.1496
0.4438 -0.0957 0.4522 0.1497
0.4449 -0.0958 0.4533 0.1497
0.4460 -0.0959 0.4544 0.1498
0.4471 -0.0959 0.4555 0.1498
0.4481 -0.0960 0.4566 0.1499
0.4492 -0.0960 0.4577 0.1499
0.4503 -0.0961 0.4589 0.1500
0.4514 -0.0962 0.4600 0.1500
0.4524 -0.0962 0.4611 0.1501
0.4535 -0.0963 0.4622 0.1501
0.4546 -0.0963 0.4633 0.1501
0.4557 -0.0964 0.4644 0.1502
0.4567 -0.0965 0.4655 0.1502
0.4578 -0.0965 0.4666 0.1503
0.4589 -0.0966 0.4677 0.1503
0.4600 -0.0966 0.4688 0.1503
0.4610 -0.0967 0.4699 0.1504
0.4621 -0.0967 0.4710 0.1504
0.4632 -0.0968 0.4721 0.1504
0.4643 -0.0968 0.4732 0.1504
0.4653 -0.0969 0.4743 0.1505
0.4664 -0.0969 0.4754 0.1505
0.4675 -0.0970 0.4765 0.1505
0.4686 -0.0970 0.4776 0.1505
0.4696 -0.0970 0.4787 0.1505
0.4707 -0.0971 0.4798 0.1506
0.4718 -0.0971 0.4809 0.1506
0.4729 -0.0972 0.4820 0.1506
0.4739 -0.0972 0.4831 0.1506
0.4750 -0.0973 0.4842 0.1506
0.4761 -0.0973 0.4853 0.1506
0.4772 -0.0973 0.4864 0.1506
0.4783 -0.0974 0.4875 0.1506
0.4793 -0.0974 0.4886 0.1507
0.4804 -0.0974 0.4897 0.1507
0.4815 -0.0975 0.4908 0.1507
0.4826 -0.0975 0.4918 0.1507
0.4836 -0.0975 0.4929 0.1507
0.4847 -0.0976 0.4940 0.1507
0.4858 -0.0976 0.4951 0.1507
0.4869 -0.0976 0.4962 0.1507
0.4879 -0.0977 0.4973 0.1507
0.4890 -0.0977 0.4984 0.1507
0.4901 -0.0977 0.4994 0.1507
0.4912 -0.0977 0.5005 0.1506
0.4922 -0.0978 0.5016 0.1506
0.4933 -0.0978 0.5027 0.1506
0.4944 -0.0978 0.5038 0.1506
0.4955 -0.0978 0.5048 0.1506
0.4966 -0.0979 0.5059 0.1506
0.4976 -0.0979 0.5070 0.1506
0.4987 -0.0979 0.5081 0.1506
0.4998 -0.0979 0.5091 0.1505
0.5009 -0.0979 0.5102 0.1505
0.5019 -0.0980 0.5113 0.1505
0.5030 -0.0980 0.5124 0.1505
0.5041 -0.0980 0.5134 0.1505
0.5052 -0.0980 0.5145 0.1505
0.5062 -0.0980 0.5156 0.1504
0.5073 -0.0980 0.5166 0.1504
0.5084 -0.0980 0.5177 0.1504
0.5095 -0.0981 0.5188 0.1504
0.5106 -0.0981 0.5198 0.1503
0.5116 -0.0981 0.5209 0.1503
0.5127 -0.0981 0.5219 0.1503
0.5138 -0.0981 0.5230 0.1503
0.5149 -0.0981 0.5241 0.1502
0.5159 -0.0981 0.5251 0.1502
0.5170 -0.0981 0.5262 0.1502
0.5181 -0.0981 0.5272 0.1501
0.5192 -0.0981 0.5283 0.1501
0.5202 -0.0981 0.5293 0.1501
0.5213 -0.0981 0.5304 0.1500
0.5224 -0.0981 0.5315 0.1500
0.5235 -0.0981 0.5325 0.1500
0.5246 -0.0981 0.5335 0.1499
0.5256 -0.0981 0.5346 0.1499
0.5267 -0.0981 0.5356 0.1498
0.5278 -0.0981 0.5367 0.1498
0.5289 -0.0981 0.5377 0.1498
0.5299 -0.0981 0.5388 0.1497
0.5310 -0.0981 0.5398 0.1497
0.5321 -0.0981 0.5409 0.1496
0.5332 -0.0981 0.5419 0.1496
0.5342 -0.0981 0.5429 0.1496
0.5353 -0.0980 0.5440 0.1495
0.5364 -0.0980 0.5450 0.1495
0.5375 -0.0980 0.5460 0.1494
0.5386 -0.0980 0.5471 0.1494
0.5396 -0.0980 0.5481 0.1493
0.5407 -0.0980 0.5491 0.1493
0.5418 -0.0980 0.5502 0.1492
0.5429 -0.0980 0.5512 0.1492
0.5439 -0.0979 0.5522 0.1491
0.5450 -0.0979 0.5533 0.1491
0.5461 -0.0979 0.5543 0.1490
0.5472 -0.0979 0.5553 0.1490
0.5482 -0.0979 0.5563 0.1489
0.5493 -0.0978 0.5574 0.1489
0.5504 -0.0978 0.5584 0.1488
0.5515 -0.0978 0.5594 0.1488
0.5526 -0.0978 0.5604 0.1487
0.5536 -0.0977 0.5614 0.1487
0.5547 -0.0977 0.5624 0.1486
0.5558 -0.0977 0.5635 0.1485
0.5569 -0.0977 0.5645 0.1485
0.5579 -0.0976 0.5655 0.1484
0.5590 -0.0976 0.5665 0.1484
0.5601 -0.0976 0.5675 0.1483
0.5612 -0.0975 0.5685 0.1483
0.5622 -0.0975 0.5695 0.1482
0.5633 -0.0975 0.5705 0.1481
0.5644 -0.0974 0.5715 0.1481
0.5655 -0.0974 0.5725 0.1480
0.5665 -0.0974 0.5735 0.1480
0.5676 -0.0973 0.5745 0.1479
0.5687 -0.0973 0.5755 0.1478
0.5698 -0.0973 0.5765 0.1478
0.5709 -0.0972 0.5775 0.1477
0.5719 -0.0972 0.5785 0.1477
0.5730 -0.0971 0.5795 0.1476
0.5741 -0.0971 0.5805 0.1475
0.5752 -0.0970 0.5815 0.1475
0.5762 -0.0970 0.5825 0.1474
0.5773 -0.0970 0.5835 0.1473
0.5784 -0.0969 0.5844 0.1473
0.5795 -0.0969 0.5854 0.1472
0.5805 -0.0968 0.5864 0.1471
0.5816 -0.0968 0.5874 0.1471
0.5827 -0.0967 0.5884 0.1470
0.5838 -0.0967 0.5894 0.1469
0.5848 -0.0966 0.5903 0.1469
0.5859 -0.0966 0.5913 0.1468
0.5870 -0.0965 0.5923 0.1468
0.5881 -0.0965 0.5933 0.1467
0.5891 -0.0964 0.5942 0.1466
0.5902 -0.0964 0.5952 0.1465
0.5913 -0.0963 0.5962 0.1465
0.5924 -0.0962 0.5972 0.1464
0.5934 -0.0962 0.5981 0.1463
0.5945 -0.0961 0.5991 0.1463
0.5956 -0.0961 0.6001 0.1462
0.5967 -0.0960 0.6010 0.1461
0.5977 -0.0959 0.6020 0.1461
0.5988 -0.0959 0.6030 0.1460
0.5999 -0.0958 0.6039 0.1459
0.6010 -0.0958 0.6049 0.1459
0.6020 -0.0957 0.6058 0.1458
0.6031 -0.0956 0.6068 0.1457
0.6042 -0.0956 0.6078 0.1456
0.6053 -0.0955 0.6087 0.1456
0.6063 -0.0954 0.6097 0.1455
0.6074 -0.0954 0.6106 0.1454
0.6085 -0.0953 0.6116 0.1454
0.6096 -0.0952 0.6125 0.1453
0.6106 -0.0952 0.6135 0.1452
0.6117 -0.0951 0.6144 0.1451
0.6128 -0.0950 0.6154 0.1451
0.6139 -0.0949 0.6163 0.1450
0.6149 -0.0949 0.6173 0.1449
0.6160 -0.0948 0.6182 0.1448
0.6171 -0.0947 0.6191 0.1448
0.6182 -0.0946 0.6201 0.1447
0.6192 -0.0946 0.6210 0.1446
0.6203 -0.0945 0.6220 0.1445
0.6214 -0.0944 0.6229 0.1445
0.6225 -0.0943 0.6238 0.1444
0.6235 -0.0942 0.6248 0.1443
0.6246 -0.0942 0.6257 0.1442
0.6257 -0.0941 0.6266 0.1442
0.6268 -0.0940 0.6276 0.1441
0.6278 -0.0939 0.6285 0.1440
0.6289 -0.0938 0.6294 0.1439
0.6300 -0.0937 0.6304 0.1439
0.6311 -0.0936 0.6313 0.1438
0.6321 -0.0936 0.6322 0.1437
0.6332 -0.0935 0.6331 0.1436
0.6343 -0.0934 0.6341 0.1436
0.6353 -0.0933 0.6350 0.1435
0.6364 -0.0932 0.6359 0.1434
0.6375 -0.0931 0.6368 0.1433
0.6386 -0.0930 0.6377 0.1432
0.6396 -0.0929 0.6387 0.1432
0.6407 -0.0928 0.6396 0.1431
0.6418 -0.0927 0.6405 0.1430
0.6429 -0.0926 0.6414 0.1429
0.6439 -0.0925 0.6423 0.1428
0.6450 -0.0924 0.6432 0.1428
0.6461 -0.0923 0.6441 0.1427
0.6471 -0.0922 0.6451 0.1426
0.6482 -0.0921 0.6460 0.1425
0.6493 -0.0920 0.6469 0.1424
0.6504 -0.0919 0.6478 0.1424
0.6514 -0.0918 0.6487 0.1423
0.6525 -0.0917 0.6496 0.1422
0.6536 -0.0916 0.6505 0.1421
0.6547 -0.0915 0.6514 0.1420
0.6557 -0.0914 0.6523 0.1420
0.6568 -0.0913 0.6532 0.1419
0.6579 -0.0912 0.6541 0.1418
0.6589 -0.0911 0.6550 0.1417
0.6600 -0.0910 0.6559 0.1416
0.6611 -0.0909 0.6568 0.1416
0.6622 -0.0908 0.6577 0.1415
0.6632 -0.0907 0.6586 0.1414
0.6643 -0.0905 0.6595 0.1413
0.6654 -0.0904 0.6604 0.1412
0.6664 -0.0903 0.6613 0.1411
0.6675 -0.0902 0.6622 0.1411
0.6686 -0.0901 0.6631 0.1410
0.6697 -0.0900 0.6640 0.1409
0.6707 -0.0899 0.6649 0.1408
0.6718 -0.0897 0.6657 0.1407
0.6729 -0.0896 0.6666 0.1406
0.6739 -0.0895 0.6675 0.1405
0.6750 -0.0894 0.6684 0.1405
0.6761 -0.0893 0.6693 0.1404
0.6771 -0.0891 0.6702 0.1403
0.6782 -0.0890 0.6711 0.1402
0.6793 -0.0889 0.6720 0.1401
0.6804 -0.0888 0.6728 0.1400
0.6814 -0.0886 0.6737 0.1399
0.6825 -0.0885 0.6746 0.1399
0.6836 -0.0884 0.6755 0.1398
0.6846 -0.0883 0.6764 0.1397
0.6857 -0.0881 0.6773 0.1396
0.6868 -0.0880 0.6781 0.1395
0.6878 -0.0879 0.6790 0.1394
0.6889 -0.0878 0.6799 0.1393
0.6900 -0.0876 0.6808 0.1392
0.6910 -0.0875 0.6817 0.1391
0.6921 -0.0874 0.6826 0.1391
0.6932 -0.0872 0.6834 0.1390
0.6943 -0.0871 0.6843 0.1389
0.6953 -0.0870 0.6852 0.1388
0.6964 -0.0868 0.6861 0.1387
0.6975 -0.0867 0.6869 0.1386
0.6985 -0.0865 0.6878 0.1385
0.6996 -0.0864 0.6887 0.1384
0.7007 -0.0863 0.6896 0.1383
0.7017 -0.0861 0.6904 0.1382
0.7028 -0.0860 0.6913 0.1381
0.7039 -0.0859 0.6922 0.1380
0.7049 -0.0857 0.6931 0.1380
0.7060 -0.0856 0.6939 0.1379
0.7071 -0.0854 0.6948 0.1378
0.7081 -0.0853 0.6957 0.1377
0.7092 -0.0851 0.6966 0.1376
0.7103 -0.0850 0.6974 0.1375
0.7113 -0.0848 0.6983 0.1374
0.7124 -0.0847 0.6992 0.1373
0.7135 -0.0845 0.7001 0.1372
0.7145 -0.0844 0.7009 0.1371
0.7156 -0.0843 0.7018 0.1370
0.7167 -0.0841 0.7027 0.1369
0.7177 -0.0840 0.7035 0.1368
0.7188 -0.0838 0.7044 0.1367
0.7199 -0.0836 0.7053 0.1366
0.7209 -0.0835 0.7061 0.1365
0.7220 -0.0833 0.7070 0.1364
0.7231 -0.0832 0.7079 0.1363
0.7241 -0.0830 0.7088 0.1362
0.7252 -0.0829 0.7096 0.1361
0.7263 -0.0827 0.7105 0.1360
0.7273 -0.0826 0.7114 0.1359
0.7284 -0.0824 0.7122 0.1358
0.7295 -0.0822 0.7131 0.1357
0.7305 -0.0821 0.7140 0.1356
0.7316 -0.0819 0.7148 0.1355
0.7327 -0.0818 0.7157 0.1354
0.7337 -0.0816 0.7166 0.1352
0.7348 -0.0814 0.7175 0.1351
0.7358 -0.0813 0.7183 0.1350
0.7369 -0.0811 0.7192 0.1349
0.7380 -0.0809 0.7201 0.1348
0.7390 -0.0808 0.7209 0.1347
0.7401 -0.0806 0.7218 0.1346
0.7412 -0.0804 0.7227 0.1345
0.7422 -0.0803 0.7236 0.1344
0.7433 -0.0801 0.7244 0.1343
0.7444 -0.0799 0.7253 0.1341
0.7454 -0.0798 0.7262 0.1340
0.7465 -0.0796 0.7270 0.1339
0.7476 -0.0794 0.7279 0.1338
0.7486 -0.0793 0.7288 0.1337
0.7497 -0.0791 0.7297 0.1336
0.7507 -0.0789 0.7305 0.1335
0.7518 -0.0787 0.7314 0.1333
0.7529 -0.0786 0.7323 0.1332
0.7539 -0.0784 0.7331 0.1331
0.7550 -0.0782 0.7340 0.1330
0.7561 -0.0780 0.7349 0.1329
0.7571 -0.0779 0.7358 0.1327
0.7582 -0.0777 0.7366 0.1326
0.7592 -0.0775 0.7375 0.1325
0.7603 -0.0773 0.7384 0.1324
0.7614 -0.0771 0.7393 0.1322
0.7624 -0.0770 0.7402 0.1321
0.7635 -0.0768 0.7410 0.1320
0.7645 -0.0766 0.7419 0.1319
0.7656 -0.0764 0.7428 0.1317
0.7667 -0.0762 0.7437 0.1316
0.7677 -0.0760 0.7446 0.1315
0.7688 -0.0759 0.7454 0.1314
0.7699 -0.0757 0.7463 0.1312
0.7709 -0.0755 0.7472 0.1311
0.7720 -0.0753 0.7481 0.1310
0.7730 -0.0751 0.7490 0.1308
0.7741 -0.0749 0.7499 0.1307
0.7752 -0.0747 0.7507 0.1306
0.7762 -0.0745 0.7516 0.1304
0.7773 -0.0743 0.7525 0.1303
0.7783 -0.0742 0.7534 0.1301
0.7794 -0.0740 0.7543 0.1300
0.7805 -0.0738 0.7552 0.1299
0.7815 -0.0736 0.7561 0.1297
0.7826 -0.0734 0.7570 0.1296
0.7836 -0.0732 0.7578 0.1294
0.7847 -0.0730 0.7587 0.1293
0.7857 -0.0728 0.7596 0.1292
0.7868 -0.0726 0.7605 0.1290
0.7879 -0.0724 0.7614 0.1289
0.7889 -0.0722 0.7623 0.1287
0.7900 -0.0720 0.7632 0.1286
0.7910 -0.0718 0.7641 0.1284
0.7921 -0.0716 0.7650 0.1283
0.7932 -0.0714 0.7659 0.1281
0.7942 -0.0712 0.7668 0.1280
0.7953 -0.0710 0.7677 0.1278
0.7963 -0.0708 0.7686 0.1276
0.7974 -0.0706 0.7695 0.1275
0.7984 -0.0704 0.7704 0.1273
0.7995 -0.0702 0.7714 0.1272
0.8006 -0.0700 0.7723 0.1270
0.8016 -0.0697 0.7732 0.1268
0.8027 -0.0695 0.7741 0.1267
0.8037 -0.0693 0.7750 0.1265
0.8048 -0.0691 0.7759 0.1263
0.8058 -0.0689 0.7768 0.1262
0.8069 -0.0687 0.7777 0.1260
0.8080 -0.0685 0.7787 0.1258
0.8090 -0.0683 0.7796 0.1257
0.8101 -0.0681 0.7805 0.1255
0.8111 -0.0679 0.7814 0.1253
0.8122 -0.0676 0.7823 0.1251
0.8132 -0.0674 0.7833 0.1250
0.8143 -0.0672 0.7842 0.1248
0.8153 -0.0670 0.7851 0.1246
0.8164 -0.0668 0.7861 0.1244
0.8175 -0.0666 0.7870 0.1242
0.8185 -0.0663 0.7879 0.1241
0.8196 -0.0661 0.7888 0.1239
0.8206 -0.0659 0.7898 0.1237
0.8217 -0.0657 0.7907 0.1235
0.8227 -0.0655 0.7917 0.1233
0.8238 -0.0652 0.7926 0.1231
0.8248 -0.0650 0.7935 0.1229
0.8259 -0.0648 0.7945 0.1227
0.8269 -0.0646 0.7954 0.1225
0.8280 -0.0643 0.7964 0.1223
0.8290 -0.0641 0.7973 0.1221
0.8301 -0.0639 0.7983 0.1219
0.8312 -0.0637 0.7992 0.1217
0.8322 -0.0634 0.8002 0.1215
0.8333 -0.0632 0.8011 0.1213
0.8343 -0.0630 0.8021 0.1211
0.8354 -0.0627 0.8030 0.1209
0.8364 -0.0625 0.8040 0.1207
0.8375 -0.0623 0.8050 0.1204
0.8385 -0.0621 0.8059 0.1202
0.8396 -0.0618 0.8069 0.1200
0.8406 -0.0616 0.8079 0.1198
0.8417 -0.0614 0.8088 0.1196
0.8427 -0.0611 0.8098 0.1193
0.8438 -0.0609 0.8108 0.1191
0.8448 -0.0607 0.8118 0.1189
0.8459 -0.0604 0.8127 0.1186
0.8469 -0.0602 0.8137 0.1184
0.8480 -0.0599 0.8147 0.1182
0.8490 -0.0597 0.8157 0.1179
0.8501 -0.0595 0.8167 0.1177
0.8511 -0.0592 0.8176 0.1175
0.8522 -0.0590 0.8186 0.1172
0.8532 -0.0587 0.8196 0.1170
0.8543 -0.0585 0.8206 0.1167
0.8553 -0.0583 0.8216 0.1165
0.8564 -0.0580 0.8226 0.1162
0.8574 -0.0578 0.8236 0.1160
0.8585 -0.0575 0.8246 0.1157
0.8595 -0.0573 0.8256 0.1154
0.8606 -0.0570 0.8266 0.1152
0.8616 -0.0568 0.8276 0.1149
0.8627 -0.0566 0.8286 0.1147
0.8637 -0.0563 0.8297 0.1144
0.8648 -0.0561 0.8307 0.1141
0.8658 -0.0558 0.8317 0.1138
0.8669 -0.0556 0.8327 0.1136
0.8679 -0.0553 0.8337 0.1133
0.8690 -0.0551 0.8347 0.1130
0.8700 -0.0548 0.8358 0.1127
0.8711 -0.0546 0.8368 0.1124
0.8721 -0.0543 0.8378 0.1121
0.8731 -0.0541 0.8389 0.1118
0.8742 -0.0538 0.8399 0.1116
0.8752 -0.0535 0.8409 0.1113
0.8763 -0.0533 0.8420 0.1110
0.8773 -0.0530 0.8430 0.1107
0.8784 -0.0528 0.8441 0.1103
0.8794 -0.0525 0.8451 0.1100
0.8805 -0.0523 0.8462 0.1097
0.8815 -0.0520 0.8472 0.1094
0.8826 -0.0517 0.8483 0.1091
0.8836 -0.0515 0.8493 0.1088
0.8846 -0.0512 0.8504 0.1085
0.8857 -0.0510 0.8514 0.1081
0.8867 -0.0507 0.8525 0.1078
0.8878 -0.0504 0.8536 0.1075
0.8888 -0.0502 0.8546 0.1071
0.8899 -0.0499 0.8557 0.1068
0.8909 -0.0496 0.8568 0.1065
0.8920 -0.0494 0.8578 0.1061
0.8930 -0.0491 0.8589 0.1058
0.8940 -0.0488 0.8600 0.1054
0.8951 -0.0486 0.8611 0.1051
0.8961 -0.0483 0.8622 0.1047
0.8972 -0.0480 0.8633 0.1043
0.8982 -0.0478 0.8643 0.1040
0.8993 -0.0475 0.8654 0.1036
0.9003 -0.0472 0.8665 0.1032
0.9013 -0.0470 0.8676 0.1029
0.9024 -0.0467 0.8687 0.1025
0.9034 -0.0464 0.8698 0.1021
0.9045 -0.0462 0.8709 0.1017
0.9055 -0.0459 0.8720 0.1013
0.9066 -0.0456 0.8731 0.1010
0.9076 -0.0453 0.8743 0.1006
0.9086 -0.0451 0.8754 0.1002
0.9097 -0.0448 0.8765 0.0998
0.9107 -0.0445 0.8776 0.0994
0.9118 -0.0442 0.8787 0.0989
0.9128 -0.0439 0.8799 0.0985
0.9138 -0.0437 0.8810 0.0981
0.9149 -0.0434 0.8821 0.0977
0.9159 -0.0431 0.8832 0.0973
0.9170 -0.0428 0.8844 0.0969
0.9180 -0.0425 0.8855 0.0964
0.9190 -0.0423 0.8866 0.0960
0.9201 -0.0420 0.8878 0.0955
0.9211 -0.0417 0.8889 0.0951
0.9222 -0.0414 0.8901 0.0947
0.9232 -0.0411 0.8912 0.0942
0.9242 -0.0408 0.8924 0.0938
0.9253 -0.0406 0.8935 0.0933
0.9263 -0.0403 0.8947 0.0928
0.9274 -0.0400 0.8958 0.0924
0.9284 -0.0397 0.8970 0.0919
0.9294 -0.0394 0.8982 0.0914
0.9305 -0.0391 0.8993 0.0910
0.9315 -0.0388 0.9005 0.0905
0.9325 -0.0385 0.9017 0.0900
0.9336 -0.0383 0.9028 0.0895
0.9346 -0.0380 0.9040 0.0890
0.9356 -0.0377 0.9052 0.0885
0.9367 -0.0374 0.9064 0.0880
0.9377 -0.0371 0.9075 0.0875
0.9388 -0.0368 0.9087 0.0870
0.9398 -0.0365 0.9099 0.0865
0.9408 -0.0362 0.9111 0.0859
0.9419 -0.0359 0.9123 0.0854
0.9429 -0.0356 0.9135 0.0849
0.9439 -0.0353 0.9147 0.0844
0.9450 -0.0350 0.9159 0.0838
0.9460 -0.0347 0.9171 0.0833
0.9470 -0.0344 0.9183 0.0827
0.9481 -0.0341 0.9195 0.0822
0.9491 -0.0338 0.9207 0.0816
0.9501 -0.0335 0.9219 0.0811
0.9512 -0.0332 0.9231 0.0805
0.9522 -0.0329 0.9243 0.0799
0.9532 -0.0326 0.9255 0.0793
0.9543 -0.0323 0.9268 0.0788
0.9553 -0.0320 0.9280 0.0782
0.9563 -0.0317 0.9292 0.0776
0.9574 -0.0314 0.9304 0.0770
0.9584 -0.0311 0.9316 0.0764
0.9594 -0.0308 0.9329 0.0758
0.9605 -0.0305 0.9341 0.0752
0.9615 -0.0302 0.9353 0.0746
0.9625 -0.0299 0.9366 0.0740
0.9636 -0.0296 0.9378 0.0733
0.9646 -0.0292 0.9390 0.0727
0.9656 -0.0289 0.9403 0.0721
0.9667 -0.0286 0.9415 0.0715
0.9677 -0.0283 0.9428 0.0708
0.9687 -0.0280 0.9440 0.0702
0.9698 -0.0277 0.9453 0.0695
0.9708 -0.0274 0.9465 0.0689
0.9718 -0.0271 0.9478 0.0682
0.9728 -0.0267 0.9490 0.0675
0.9739 -0.0264 0.9503 0.0669
0.9749 -0.0261 0.9515 0.0662
0.9759 -0.0258 0.9528 0.0655
0.9770 -0.0255 0.9540 0.0648
0.9780 -0.0252 0.9553 0.0641
0.9790 -0.0248 0.9566 0.0634
0.9801 -0.0245 0.9578 0.0627
0.9811 -0.0242 0.9591 0.0620
0.9821 -0.0239 0.9604 0.0613
0.9831 -0.0236 0.9616 0.0606
0.9842 -0.0232 0.9629 0.0599
0.9852 -0.0229 0.9642 0.0591
0.9862 -0.0226 0.9654 0.0584
0.9872 -0.0223 0.9667 0.0577
0.9883 -0.0219 0.9680 0.0569
0.9893 -0.0216 0.9693 0.0562
0.9903 -0.0213 0.9706 0.0554
0.9914 -0.0210 0.9718 0.0547
0.9924 -0.0206 0.9731 0.0539
0.9934 -0.0203 0.9744 0.0531
0.9944 -0.0200 0.9757 0.0524
0.9955 -0.0197 0.9770 0.0516
0.9965 -0.0193 0.9783 0.0508
0.9975 -0.0190 0.9795 0.0500
0.9985 -0.0187 0.9808 0.0492
0.9996 -0.0183 0.9821 0.0484
1.0006 -0.0180 0.9834 0.0476
1.0016 -0.0177 0.9847 0.0468
1.0026 -0.0173 0.9860 0.0460
1.0037 -0.0170 0.9873 0.0452
1.0047 -0.0167 0.9886 0.0443
1.0057 -0.0163 0.9899 0.0435
1.0067 -0.0160 0.9912 0.0427
1.0078 -0.0157 0.9925 0.0418
1.0088 -0.0153 0.9938 0.0410
1.0098 -0.0150 0.9951 0.0401
1.0108 -0.0147 0.9964 0.0393
1.0118 -0.0143 0.9977 0.0384
1.0129 -0.0140 0.9990 0.0376
1.0139 -0.0136 1.0003 0.0367
1.0149 -0.0133 1.0016 0.0358
1.0159 -0.0130 1.0029 0.0349
1.0170 -0.0126 1.0042 0.0340
1.0180 -0.0123 1.0055 0.0331
1.0190 -0.0119 1.0068 0.0322
1.0200 -0.0116 1.0081 0.0313
1.0210 -0.0113 1.0094 0.0304
1.0221 -0.0109 1.0107 0.0295
1.0231 -0.0106 1.0120 0.0286
1.0241 -0.0102 1.0133 0.0277
1.0251 -0.0099 1.0146 0.0267
1.0261 -0.0095 1.0159 0.0258
1.0272 -0.0092 1.0172 0.0249
1.0282 -0.0088 1.0185 0.0239
1.0292 -0.0085 1.0199 0.0230
1.0302 -0.0081 1.0212 0.0220
1.0312 -0.0078 1.0225 0.0211
1.0323 -0.0074 1.0238 0.0201
1.0333 -0.0071 1.0251 0.0191
1.0343 -0.0067 1.0264 0.0182
1.0353 -0.0064 1.0277 0.0172
1.0363 -0.0060 1.0290 0.0162
1.0373 -0.0057 1.0303 0.0152
1.0384 -0.0053 1.0316 0.0142
1.0394 -0.0050 1.0329 0.0132
1.0404 -0.0046 1.0342 0.0122
1.0414 -0.0043 1.0355 0.0112
1.0424 -0.0039 1.0368 0.0102
1.0434 -0.0036 1.0381 0.0092
1.0445 -0.0032 1.0394 0.0082
1.0455 -0.0029 1.0407 0.0072
1.0465 -0.0025 1.0420 0.0061
1.0475 -0.0021 1.0433 0.0051
1.0485 -0.0018 1.0446 0.0041
1.0495 -0.0014 1.0459 0.0031
1.0506 -0.0011 1.0472 0.0021
1.0516 -0.0007 1.0485 0.0011
1.0526 -0.0004 1.0497 0.0003
1.0536 0.0000 1.0507 0.0007
