0 0 0 0
0.00107699 -1.41419e-09 0.000840485 0.000608807
0.00215398 5.43239e-07 0.00168205 0.00121941
0.00323097 2.17907e-06 0.00252466 0.00183236
0.00430796 4.90245e-06 0.00336827 0.00244766
0.00538494 8.70389e-06 0.00421284 0.0030653
0.00646192 1.35821e-05 0.00505835 0.00368529
0.0075389 1.95267e-05 0.00590473 0.0043076
0.00861587 2.65397e-05 0.00675199 0.00493227
0.00969283 3.46083e-05 0.00760001 0.00555926
0.0107698 4.37364e-05 0.00844892 0.00618863
0.0118467 5.38999e-05 0.00929846 0.00682027
0.0129237 6.51139e-05 0.0101486 0.00745424
0.0140006 7.73773e-05 0.0109997 0.00809063
0.0150775 9.06528e-05 0.0118514 0.0087293
0.0161544 0.000104947 0.0127036 0.00937026
0.0172313 0.000120262 0.0135562 0.0100135
0.0183081 0.000136609 0.0144093 0.010659
0.019385 0.000153989 0.0152632 0.011307
0.0204618 0.000172356 0.0161177 0.0119573
0.0215386 0.000191702 0.0169725 0.0126098
0.0226154 0.000212036 0.0178277 0.0132647
0.0236922 0.000233345 0.0186831 0.0139217
0.024769 0.000255639 0.0195389 0.0145811
0.0258457 0.00027891 0.0203948 0.0152427
0.0269224 0.000303177 0.021251 0.0159065
0.0279991 0.000328402 0.0221074 0.0165726
0.0290758 0.000354623 0.0229638 0.0172409
0.0301524 0.000381819 0.0238209 0.0179117
0.0312291 0.000409952 0.0246783 0.0185848
0.0323057 0.00043901 0.0255358 0.0192601
0.0333822 0.000468998 0.0263934 0.0199375
0.0344588 0.000499943 0.027251 0.0206173
0.0355353 0.000531776 0.0281086 0.0212991
0.0366118 0.000564514 0.0289662 0.0219832
0.0376883 0.000598196 0.0298238 0.0226694
0.0387647 0.000632785 0.0306812 0.0233579
0.0398411 0.000668282 0.0315386 0.0240485
0.0409175 0.000704664 0.0323959 0.0247412
0.0419938 0.000741965 0.033253 0.0254361
0.0430701 0.000780181 0.0341099 0.0261331
0.0441464 0.000819247 0.0349666 0.0268322
0.0452227 0.000859224 0.035823 0.0275335
0.0462989 0.000900117 0.0366792 0.0282369
0.0473751 0.000941869 0.0375351 0.0289423
0.0484512 0.000984518 0.0383907 0.0296499
0.0495273 0.00102805 0.0392459 0.0303595
0.0506034 0.00107246 0.0401008 0.0310712
0.0516794 0.00111771 0.0409553 0.0317849
0.0527554 0.00116384 0.0418093 0.0325006
0.0538314 0.00121086 0.0426629 0.0332184
0.0549073 0.00125878 0.0435171 0.0339386
0.0559832 0.00130751 0.0443708 0.0346608
0.0570591 0.00135703 0.0452241 0.0353849
0.0581349 0.00140736 0.046077 0.036111
0.0592107 0.00145854 0.0469294 0.036839
0.0602864 0.00151055 0.0477813 0.037569
0.0613621 0.00156339 0.0486328 0.038301
0.0624377 0.00161699 0.0494837 0.0390348
0.0635134 0.00167144 0.0503341 0.0397706
0.0645889 0.00172665 0.0511839 0.0405082
0.0656645 0.0017827 0.0520333 0.0412478
0.0667399 0.00183954 0.052882 0.0419892
0.0678154 0.00189714 0.0537301 0.0427323
0.0688908 0.00195553 0.0545777 0.0434774
0.0699662 0.00201469 0.0554246 0.0442242
0.0710415 0.0020746 0.0562709 0.0449728
0.0721168 0.00213531 0.0571166 0.0457232
0.073192 0.00219682 0.0579617 0.0464754
0.0742672 0.00225912 0.0588061 0.0472293
0.0753423 0.00232217 0.0596497 0.047985
0.0764174 0.00238599 0.0604928 0.0487424
0.0774925 0.0024506 0.0613351 0.0495015
0.0785675 0.00251597 0.0621767 0.0502622
0.0796425 0.00258207 0.0630176 0.0510247
0.0807174 0.00264886 0.0638578 0.0517886
0.0817922 0.00271641 0.0646973 0.0525543
0.0828671 0.00278473 0.065536 0.0533216
0.0839418 0.00285381 0.066374 0.0540905
0.0850166 0.00292364 0.0672112 0.0548609
0.0860912 0.00299421 0.0680478 0.055633
0.0871659 0.00306547 0.0688835 0.0564065
0.0882404 0.00313747 0.0697185 0.0571815
0.089315 0.00321023 0.0705527 0.0579581
0.0903895 0.0032837 0.0713861 0.0587361
0.0914639 0.00335789 0.0722187 0.0595156
0.0925383 0.00343283 0.0730506 0.0602966
0.0936126 0.00350847 0.0738817 0.061079
0.0946869 0.00358479 0.0747119 0.0618627
0.0957611 0.00366185 0.0755415 0.0626479
0.0968353 0.00373962 0.0763702 0.0634344
0.0979094 0.00381809 0.0771981 0.0642223
0.0989835 0.00389728 0.0780252 0.0650115
0.100058 0.0039772 0.0788515 0.0658021
0.101131 0.00405784 0.0796771 0.0665939
0.102205 0.0041392 0.0805019 0.0673871
0.103279 0.00422119 0.0813258 0.0681814
0.104353 0.0043039 0.082149 0.068977
0.105427 0.00438728 0.0829713 0.0697737
0.106501 0.00447136 0.0837929 0.0705718
0.107574 0.00455612 0.0846136 0.0713709
0.108648 0.00464159 0.0854337 0.0721712
0.109721 0.00472776 0.0862529 0.0729727
0.110795 0.00481462 0.0870713 0.0737752
0.111868 0.00490218 0.087889 0.074579
0.112942 0.00499043 0.0887059 0.0753837
0.114015 0.00507931 0.0895219 0.0761895
0.115088 0.00516885 0.0903373 0.0769963
0.116161 0.00525909 0.0911519 0.0778041
0.117235 0.00535 0.0919657 0.0786129
0.118308 0.0054416 0.0927788 0.0794227
0.119381 0.00553388 0.0935912 0.0802335
0.120454 0.00562685 0.0944027 0.0810452
0.121527 0.00572049 0.0952136 0.0818578
0.122599 0.00581479 0.0960238 0.0826713
0.123672 0.00590977 0.0968332 0.0834857
0.124745 0.00600543 0.0976419 0.084301
0.125818 0.00610173 0.0984499 0.0851171
0.12689 0.00619871 0.0992572 0.085934
0.127963 0.00629628 0.100064 0.0867516
0.129035 0.00639451 0.10087 0.08757
0.130108 0.00649341 0.101675 0.0883891
0.13118 0.00659296 0.10248 0.089209
0.132252 0.0066932 0.103285 0.0900299
0.133325 0.00679407 0.10409 0.0908517
0.134397 0.0068956 0.104894 0.0916743
0.135469 0.00699777 0.105698 0.0924975
0.136541 0.00710059 0.106501 0.0933213
0.137613 0.00720404 0.107304 0.0941457
0.138685 0.00730813 0.108106 0.0949708
0.139757 0.00741288 0.108908 0.0957965
0.140829 0.00751825 0.109709 0.0966226
0.1419 0.00762426 0.110509 0.0974494
0.142972 0.00773093 0.11131 0.0982766
0.144044 0.00783822 0.112109 0.0991044
0.145115 0.00794607 0.112909 0.0999325
0.146187 0.00805453 0.113707 0.100761
0.147258 0.00816367 0.114506 0.10159
0.14833 0.00827342 0.115304 0.10242
0.149401 0.0083838 0.116101 0.10325
0.150472 0.00849478 0.116898 0.10408
0.151544 0.00860641 0.117695 0.10491
0.152615 0.00871867 0.118491 0.105741
0.153686 0.00883153 0.119287 0.106573
0.154757 0.00894502 0.120083 0.107404
0.155828 0.00905911 0.120878 0.108236
0.156899 0.0091738 0.121674 0.109068
0.157969 0.00928912 0.122468 0.1099
0.15904 0.00940507 0.123263 0.110733
0.160111 0.00952164 0.124057 0.111566
0.161181 0.00963885 0.124851 0.112399
0.162252 0.00975669 0.125645 0.113232
0.163322 0.00987512 0.126438 0.114065
0.164393 0.00999415 0.127231 0.114898
0.165463 0.0101138 0.128025 0.115732
0.166533 0.0102341 0.128817 0.116565
0.167603 0.0103549 0.12961 0.117399
0.168674 0.0104764 0.130403 0.118232
0.169744 0.0105986 0.131195 0.119066
0.170814 0.0107213 0.131988 0.1199
0.171883 0.0108446 0.13278 0.120734
0.172953 0.0109686 0.133572 0.121567
0.174023 0.0110931 0.134364 0.122401
0.175093 0.0112183 0.135156 0.123235
0.176162 0.0113441 0.135948 0.124068
0.177232 0.0114706 0.13674 0.124902
0.178301 0.0115977 0.137532 0.125735
0.179371 0.0117254 0.138324 0.126568
0.18044 0.0118537 0.139116 0.127401
0.181509 0.0119827 0.139908 0.128234
0.182578 0.0121123 0.1407 0.129067
0.183648 0.0122424 0.141493 0.1299
0.184717 0.0123732 0.142285 0.130732
0.185786 0.0125046 0.143077 0.131564
0.186854 0.0126367 0.14387 0.132396
0.187923 0.0127694 0.144662 0.133228
0.188992 0.0129027 0.145455 0.134059
0.190061 0.0130367 0.146248 0.13489
0.191129 0.0131712 0.147041 0.135721
0.192198 0.0133065 0.147835 0.136551
0.193266 0.0134423 0.148628 0.137381
0.194334 0.0135787 0.149422 0.138211
0.195403 0.0137157 0.150216 0.13904
0.196471 0.0138532 0.151011 0.139869
0.197539 0.0139914 0.151805 0.140697
0.198607 0.0141303 0.1526 0.141526
0.199675 0.0142697 0.153395 0.142353
0.200743 0.0144098 0.154191 0.14318
0.20181 0.0145506 0.154987 0.144007
0.202878 0.0146919 0.155783 0.144833
0.203946 0.014834 0.15658 0.145659
0.205013 0.0149766 0.157377 0.146484
0.20608 0.0151199 0.158175 0.147308
0.207148 0.0152638 0.158973 0.148132
0.208215 0.0154084 0.159771 0.148956
0.209282 0.0155536 0.16057 0.149779
0.210349 0.0156994 0.161369 0.150601
0.211416 0.0158458 0.162169 0.151423
0.212483 0.0159929 0.162969 0.152244
0.21355 0.0161406 0.16377 0.153064
0.214617 0.0162889 0.164572 0.153884
0.215683 0.0164378 0.165374 0.154703
0.21675 0.0165874 0.166176 0.155521
0.217816 0.0167377 0.166979 0.156339
0.218883 0.0168886 0.167783 0.157155
0.219949 0.0170401 0.168587 0.157972
0.221015 0.0171923 0.169392 0.158787
0.222081 0.0173452 0.170198 0.159602
0.223147 0.0174987 0.171004 0.160415
0.224213 0.0176528 0.171811 0.161229
0.225279 0.0178077 0.172618 0.162041
0.226345 0.0179631 0.173427 0.162852
0.22741 0.0181192 0.174236 0.163663
0.228476 0.018276 0.175045 0.164473
0.229541 0.0184333 0.175856 0.165282
0.230607 0.0185913 0.176667 0.16609
0.231672 0.0187499 0.177479 0.166897
0.232737 0.0189092 0.178292 0.167703
0.233802 0.0190691 0.179105 0.168508
0.234867 0.0192296 0.17992 0.169312
0.235932 0.0193909 0.180735 0.170116
0.236997 0.0195528 0.181551 0.170918
0.238061 0.0197153 0.182368 0.171719
0.239126 0.0198786 0.183186 0.17252
0.24019 0.0200425 0.184005 0.173319
0.241255 0.020207 0.184824 0.174118
0.242319 0.0203723 0.185645 0.174915
0.243383 0.0205382 0.186466 0.175711
0.244447 0.0207048 0.187288 0.176507
0.245511 0.0208721 0.188112 0.177301
0.246575 0.02104 0.188936 0.178094
0.247638 0.0212086 0.189761 0.178886
0.248702 0.021378 0.190587 0.179677
0.249766 0.0215479 0.191414 0.180467
0.250829 0.0217184 0.192242 0.181255
0.251892 0.0218896 0.193071 0.182043
0.252955 0.0220615 0.193901 0.182829
0.254019 0.022234 0.194733 0.183614
0.255082 0.0224073 0.195565 0.184398
0.256144 0.0225812 0.196398 0.185181
0.257207 0.0227558 0.197232 0.185962
0.25827 0.0229311 0.198068 0.186743
0.259332 0.0231071 0.198904 0.187522
0.260395 0.0232838 0.199742 0.1883
0.261457 0.0234612 0.200581 0.189076
0.262519 0.0236392 0.20142 0.189851
0.263581 0.023818 0.202261 0.190626
0.264643 0.0239975 0.203103 0.191398
0.265705 0.0241776 0.203946 0.19217
0.266767 0.0243585 0.204791 0.19294
0.267828 0.02454 0.205636 0.193709
0.26889 0.0247223 0.206483 0.194476
0.269951 0.0249053 0.207331 0.195242
0.271012 0.0250889 0.20818 0.196007
0.272073 0.0252733 0.20903 0.196771
0.273134 0.0254584 0.209881 0.197533
0.274195 0.0256442 0.210734 0.198293
0.275256 0.0258307 0.211588 0.199053
0.276316 0.0260179 0.212443 0.19981
0.277377 0.0262058 0.213299 0.200567
0.278437 0.0263943 0.214156 0.201322
0.279497 0.0265835 0.215015 0.202075
0.280558 0.0267735 0.215875 0.202827
0.281618 0.0269642 0.216736 0.203577
0.282677 0.0271555 0.217599 0.204326
0.283737 0.0273476 0.218463 0.205074
0.284797 0.0275403 0.219328 0.20582
0.285856 0.0277338 0.220194 0.206564
0.286916 0.0279281 0.221062 0.207307
0.287975 0.028123 0.221931 0.208049
0.289034 0.0283187 0.222801 0.208788
0.290093 0.0285151 0.223673 0.209527
0.291152 0.0287122 0.224545 0.210264
0.29221 0.02891 0.22542 0.210998
0.293269 0.0291086 0.226295 0.211732
0.294327 0.029308 0.227172 0.212464
0.295385 0.029508 0.22805 0.213195
0.296443 0.0297088 0.228929 0.213923
0.297501 0.0299103 0.22981 0.214651
0.298559 0.0301126 0.230692 0.215376
0.299617 0.0303156 0.231575 0.2161
0.300674 0.0305194 0.23246 0.216822
0.301732 0.0307239 0.233346 0.217543
0.302789 0.0309292 0.234234 0.218262
0.303846 0.0311351 0.235123 0.218979
0.304903 0.0313419 0.236013 0.219695
0.30596 0.0315494 0.236904 0.220408
0.307017 0.0317576 0.237797 0.221121
0.308073 0.0319666 0.238691 0.221831
0.30913 0.0321763 0.239587 0.22254
0.310186 0.0323867 0.240484 0.223247
0.311242 0.0325979 0.241382 0.223952
0.312298 0.0328097 0.242282 0.224655
0.313354 0.0330224 0.243183 0.225357
0.314409 0.0332357 0.244085 0.226057
0.315465 0.0334499 0.244989 0.226755
0.31652 0.0336648 0.245894 0.227451
0.317575 0.0338804 0.246801 0.228146
0.31863 0.0340969 0.247708 0.228838
0.319685 0.034314 0.248618 0.229529
0.32074 0.034532 0.249528 0.230219
0.321794 0.0347507 0.25044 0.230906
0.322849 0.0349702 0.251353 0.231591
0.323903 0.0351905 0.252268 0.232275
0.324957 0.0354115 0.253184 0.232957
0.326011 0.0356333 0.254101 0.233637
0.327065 0.0358559 0.25502 0.234315
0.328118 0.0360792 0.25594 0.234991
0.329172 0.0363034 0.256861 0.235666
0.330225 0.0365283 0.257784 0.236338
0.331278 0.0367539 0.258708 0.237009
0.332331 0.0369804 0.259634 0.237678
0.333384 0.0372076 0.26056 0.238345
0.334436 0.0374357 0.261489 0.23901
0.335489 0.0376645 0.262418 0.239673
0.336541 0.0378941 0.263349 0.240334
0.337593 0.0381245 0.264281 0.240993
0.338645 0.0383556 0.265214 0.241651
0.339697 0.0385876 0.266149 0.242306
0.340748 0.0388203 0.267085 0.24296
0.3418 0.0390538 0.268022 0.243611
0.342851 0.0392881 0.268961 0.244261
0.343902 0.0395232 0.269901 0.244908
0.344953 0.039759 0.270842 0.245554
0.346003 0.0399957 0.271785 0.246198
0.347054 0.0402332 0.272729 0.24684
0.348104 0.0404715 0.273674 0.247479
0.349154 0.0407105 0.27462 0.248117
0.350204 0.0409504 0.275568 0.248753
0.351254 0.0411909 0.276517 0.249387
0.352304 0.0414323 0.277467 0.250019
0.353353 0.0416745 0.278418 0.250649
0.354402 0.0419174 0.279371 0.251276
0.355451 0.0421611 0.280325 0.251902
0.3565 0.0424056 0.28128 0.252526
0.357549 0.0426509 0.282236 0.253148
0.358597 0.042897 0.283194 0.253767
0.359646 0.0431439 0.284152 0.254385
0.360694 0.0433916 0.285112 0.255001
0.361742 0.0436401 0.286074 0.255615
0.362789 0.0438894 0.287036 0.256226
0.363837 0.0441396 0.287999 0.256836
0.364884 0.0443905 0.288964 0.257444
0.365931 0.0446423 0.28993 0.258049
0.366978 0.0448949 0.290897 0.258653
0.368025 0.0451483 0.291865 0.259254
0.369072 0.0454025 0.292834 0.259854
0.370118 0.0456575 0.293805 0.260451
0.371164 0.0459134 0.294776 0.261047
0.37221 0.0461701 0.295749 0.26164
0.373256 0.0464276 0.296722 0.262232
0.374301 0.0466859 0.297697 0.262821
0.375347 0.046945 0.298673 0.263409
0.376392 0.047205 0.29965 0.263994
0.377437 0.0474657 0.300628 0.264577
0.378482 0.0477273 0.301607 0.265158
0.379526 0.0479898 0.302587 0.265737
0.38057 0.048253 0.303568 0.266314
0.381614 0.0485171 0.30455 0.266889
0.382658 0.048782 0.305533 0.267462
0.383702 0.0490477 0.306517 0.268033
0.384746 0.0493143 0.307503 0.268602
0.385789 0.0495817 0.308489 0.269169
0.386832 0.0498499 0.309476 0.269734
0.387875 0.050119 0.310464 0.270297
0.388917 0.0503888 0.311453 0.270858
0.38996 0.0506596 0.312442 0.271416
0.391002 0.0509311 0.313433 0.271973
0.392044 0.0512035 0.314425 0.272527
0.393086 0.0514767 0.315417 0.27308
0.394127 0.0517508 0.316411 0.27363
0.395169 0.0520257 0.317405 0.274179
0.39621 0.0523014 0.3184 0.274725
0.397251 0.052578 0.319396 0.27527
0.398291 0.0528554 0.320393 0.275812
0.399332 0.0531336 0.321391 0.276353
0.400372 0.0534127 0.322389 0.276891
0.401412 0.0536926 0.323389 0.277427
0.402452 0.0539733 0.324389 0.277961
0.403491 0.0542549 0.32539 0.278494
0.40453 0.0545373 0.326391 0.279024
0.40557 0.0548204 0.327394 0.279552
0.406608 0.0551045 0.328397 0.280078
0.407647 0.0553893 0.3294 0.280602
0.408685 0.055675 0.330405 0.281124
0.409724 0.0559616 0.33141 0.281644
0.410761 0.056249 0.332416 0.282162
0.411799 0.0565372 0.333423 0.282678
0.412837 0.0568263 0.33443 0.283192
0.413874 0.0571162 0.335438 0.283704
0.414911 0.0574069 0.336446 0.284214
0.415948 0.0576986 0.337455 0.284722
0.416984 0.057991 0.338465 0.285229
0.41802 0.0582844 0.339475 0.285733
0.419056 0.0585785 0.340486 0.286235
0.420092 0.0588735 0.341498 0.286735
0.421128 0.0591694 0.342509 0.287233
0.422163 0.0594661 0.343522 0.28773
0.423198 0.0597637 0.344535 0.288224
0.424233 0.0600621 0.345548 0.288716
0.425268 0.0603613 0.346562 0.289206
0.426302 0.0606614 0.347577 0.289695
0.427336 0.0609624 0.348592 0.290182
0.42837 0.0612642 0.349607 0.290666
0.429403 0.0615669 0.350623 0.291149
0.430437 0.0618703 0.351639 0.29163
0.43147 0.0621747 0.352656 0.292108
0.432503 0.06248 0.353673 0.292585
0.433535 0.062786 0.35469 0.293061
0.434568 0.063093 0.355708 0.293534
0.4356 0.0634008 0.356726 0.294005
0.436632 0.0637094 0.357744 0.294475
0.437663 0.0640189 0.358763 0.294942
0.438694 0.0643292 0.359782 0.295408
0.439725 0.0646404 0.360801 0.295871
0.440756 0.0649525 0.361821 0.296333
0.441787 0.0652654 0.362841 0.296794
0.442817 0.0655792 0.363861 0.297252
0.443847 0.0658938 0.364881 0.297708
0.444877 0.0662092 0.365901 0.298163
0.445906 0.0665256 0.366922 0.298616
0.446936 0.0668428 0.367943 0.299067
0.447965 0.0671608 0.368964 0.299516
0.448993 0.0674797 0.369985 0.299963
0.450022 0.0677995 0.371007 0.300409
0.45105 0.0681201 0.372028 0.300852
0.452078 0.0684415 0.37305 0.301294
0.453105 0.0687638 0.374072 0.301735
0.454133 0.069087 0.375093 0.302173
0.45516 0.0694111 0.376115 0.30261
0.456187 0.069736 0.377137 0.303045
0.457213 0.0700617 0.378159 0.303478
0.45824 0.0703883 0.379181 0.30391
0.459266 0.0707157 0.380203 0.304339
0.460291 0.0710439 0.381225 0.304767
0.461317 0.0713731 0.382247 0.305194
0.462342 0.071703 0.383269 0.305618
0.463367 0.0720339 0.384291 0.306041
0.464392 0.0723656 0.385312 0.306462
0.465416 0.0726981 0.386334 0.306882
0.46644 0.0730315 0.387356 0.3073
0.467464 0.0733658 0.388377 0.307716
0.468488 0.0737008 0.389399 0.308131
0.469511 0.0740368 0.39042 0.308544
0.470534 0.0743735 0.391441 0.308955
0.471557 0.0747111 0.392462 0.309365
0.472579 0.0750496 0.393483 0.309772
0.473601 0.0753888 0.394504 0.310179
0.474623 0.075729 0.395524 0.310584
0.475645 0.0760699 0.396544 0.310987
0.476666 0.0764118 0.397564 0.311388
0.477687 0.0767545 0.398584 0.311789
0.478708 0.077098 0.399603 0.312187
0.479728 0.0774424 0.400623 0.312584
0.480748 0.0777876 0.401642 0.31298
0.481768 0.0781337 0.40266 0.313373
0.482788 0.0784807 0.403678 0.313766
0.483807 0.0788285 0.404696 0.314157
0.484826 0.0791771 0.405714 0.314546
0.485845 0.0795267 0.406731 0.314934
0.486863 0.079877 0.407748 0.31532
0.487881 0.0802282 0.408765 0.315705
0.488899 0.0805802 0.409781 0.316088
0.489916 0.0809331 0.410797 0.31647
0.490934 0.0812868 0.411812 0.316851
0.491951 0.0816414 0.412827 0.317229
0.492967 0.0819968 0.413842 0.317607
0.493984 0.082353 0.414856 0.317983
0.495 0.0827101 0.415869 0.318358
0.496015 0.0830681 0.416882 0.318731
0.497031 0.0834269 0.417895 0.319103
0.498046 0.0837866 0.418907 0.319474
0.499061 0.0841471 0.419918 0.319843
0.500075 0.0845085 0.42093 0.320211
0.50109 0.0848707 0.42194 0.320577
0.502104 0.0852337 0.42295 0.320942
0.503117 0.0855976 0.42396 0.321306
0.504131 0.0859623 0.424969 0.321668
0.505144 0.0863279 0.425977 0.322029
0.506156 0.0866943 0.426984 0.322389
0.507169 0.0870616 0.427991 0.322748
0.508181 0.0874297 0.428998 0.323105
0.509193 0.0877987 0.430004 0.323461
0.510204 0.0881685 0.431009 0.323815
0.511215 0.0885391 0.432013 0.324168
0.512226 0.0889106 0.433017 0.324521
0.513237 0.0892829 0.43402 0.324871
0.514247 0.0896561 0.435023 0.325221
0.515257 0.0900301 0.436025 0.325569
0.516267 0.0904049 0.437026 0.325916
0.517276 0.0907807 0.438026 0.326262
0.518285 0.0911572 0.439026 0.326607
0.519294 0.0915345 0.440025 0.326951
0.520302 0.0919127 0.441023 0.327293
0.52131 0.0922917 0.44202 0.327634
0.522318 0.0926716 0.443017 0.327974
0.523325 0.0930523 0.444013 0.328313
0.524333 0.0934338 0.445008 0.32865
0.525339 0.0938162 0.446002 0.328987
0.526346 0.0941994 0.446996 0.329322
0.527352 0.0945835 0.447989 0.329656
0.528358 0.0949684 0.448981 0.32999
0.529364 0.0953541 0.449972 0.330322
0.530369 0.0957406 0.450962 0.330652
0.531374 0.096128 0.451951 0.330982
0.532378 0.0965162 0.45294 0.331311
0.533383 0.0969052 0.453928 0.331639
0.534387 0.0972951 0.454914 0.331965
0.53539 0.0976858 0.4559 0.332291
0.536393 0.0980773 0.456885 0.332615
0.537396 0.0984696 0.45787 0.332939
0.538399 0.0988628 0.458853 0.333261
0.539401 0.0992568 0.459835 0.333582
0.540403 0.0996516 0.460817 0.333903
0.541405 0.100047 0.461797 0.334222
0.542407 0.100444 0.462777 0.33454
0.543408 0.100841 0.463755 0.334858
0.544408 0.101239 0.464733 0.335174
0.545409 0.101638 0.46571 0.335489
0.546409 0.102038 0.466686 0.335804
0.547408 0.102438 0.46766 0.336117
0.548408 0.10284 0.468634 0.336429
0.549407 0.103242 0.469607 0.336741
0.550406 0.103645 0.470579 0.337051
0.551404 0.104049 0.47155 0.337361
0.552402 0.104454 0.47252 0.33767
0.5534 0.104859 0.473489 0.337977
0.554397 0.105265 0.474457 0.338284
0.555395 0.105672 0.475424 0.33859
0.556391 0.10608 0.47639 0.338895
0.557388 0.106489 0.477355 0.339199
0.558384 0.106899 0.478318 0.339502
0.55938 0.107309 0.479281 0.339804
0.560375 0.10772 0.480243 0.340106
0.56137 0.108132 0.481204 0.340406
0.562365 0.108544 0.482164 0.340706
0.563359 0.108958 0.483122 0.341004
0.564353 0.109372 0.48408 0.341302
0.565347 0.109787 0.485037 0.341599
0.566341 0.110203 0.485993 0.341896
0.567334 0.11062 0.486947 0.342191
0.568327 0.111037 0.4879 0.342486
0.569319 0.111456 0.488853 0.342779
0.570311 0.111875 0.489804 0.343072
0.571303 0.112295 0.490754 0.343364
0.572294 0.112716 0.491704 0.343656
0.573285 0.113137 0.492652 0.343946
0.574276 0.113559 0.493599 0.344236
0.575266 0.113982 0.494545 0.344525
0.576256 0.114406 0.49549 0.344813
0.577246 0.114831 0.496434 0.3451
0.578235 0.115257 0.497376 0.345387
0.579224 0.115683 0.498318 0.345673
0.580213 0.11611 0.499259 0.345958
0.581202 0.116538 0.500198 0.346242
0.58219 0.116966 0.501137 0.346526
0.583177 0.117396 0.502074 0.346809
0.584164 0.117826 0.50301 0.347091
0.585151 0.118257 0.503945 0.347372
0.586138 0.118689 0.504879 0.347653
0.587124 0.119122 0.505812 0.347933
0.58811 0.119555 0.506744 0.348212
0.589096 0.119989 0.507675 0.348491
0.590081 0.120424 0.508605 0.348768
0.591066 0.12086 0.509533 0.349045
0.592051 0.121296 0.510461 0.349322
0.593035 0.121734 0.511387 0.349598
0.594019 0.122172 0.512313 0.349873
0.595002 0.122611 0.513237 0.350147
0.595985 0.12305 0.51416 0.350421
0.596968 0.123491 0.515082 0.350694
0.597951 0.123932 0.516003 0.350966
0.598933 0.124374 0.516923 0.351238
0.599915 0.124817 0.517842 0.351508
0.600896 0.12526 0.51876 0.351779
0.601877 0.125704 0.519677 0.352049
0.602858 0.12615 0.520592 0.352318
0.603838 0.126595 0.521507 0.352586
0.604818 0.127042 0.522421 0.352854
0.605798 0.127489 0.523333 0.353121
0.606777 0.127937 0.524245 0.353387
0.607756 0.128386 0.525155 0.353653
0.608735 0.128836 0.526064 0.353918
0.609713 0.129286 0.526973 0.354183
0.610691 0.129738 0.52788 0.354447
0.611669 0.13019 0.528786 0.35471
0.612646 0.130642 0.529691 0.354973
0.613623 0.131096 0.530595 0.355235
0.614599 0.13155 0.531498 0.355496
0.615575 0.132005 0.532401 0.355757
0.616551 0.132461 0.533302 0.356018
0.617527 0.132917 0.534202 0.356277
0.618502 0.133374 0.535101 0.356536
0.619477 0.133832 0.535999 0.356795
0.620451 0.134291 0.536896 0.357053
0.621425 0.134751 0.537792 0.35731
0.622399 0.135211 0.538687 0.357567
0.623372 0.135672 0.539581 0.357823
0.624345 0.136134 0.540474 0.358078
0.625318 0.136596 0.541367 0.358333
0.62629 0.137059 0.542258 0.358588
0.627262 0.137523 0.543148 0.358842
0.628233 0.137988 0.544037 0.359095
0.629205 0.138454 0.544926 0.359348
0.630175 0.13892 0.545813 0.3596
0.631146 0.139387 0.5467 0.359851
0.632116 0.139854 0.547585 0.360102
0.633086 0.140323 0.54847 0.360353
0.634055 0.140792 0.549354 0.360603
0.635024 0.141262 0.550237 0.360852
0.635993 0.141733 0.551119 0.361101
0.636961 0.142204 0.552 0.361349
0.637929 0.142676 0.55288 0.361597
0.638897 0.143149 0.55376 0.361844
0.639864 0.143623 0.554638 0.362091
0.640831 0.144097 0.555516 0.362337
0.641798 0.144572 0.556392 0.362583
0.642764 0.145048 0.557269 0.362828
0.64373 0.145524 0.558144 0.363072
0.644695 0.146002 0.559018 0.363316
0.64566 0.14648 0.559892 0.36356
0.646625 0.146958 0.560764 0.363803
0.647589 0.147438 0.561637 0.364045
0.648553 0.147918 0.562508 0.364287
0.649517 0.148399 0.563378 0.364529
0.65048 0.148881 0.564248 0.364769
0.651443 0.149363 0.565117 0.36501
0.652406 0.149846 0.565985 0.36525
0.653368 0.15033 0.566853 0.365489
0.65433 0.150814 0.567719 0.365728
0.655292 0.151299 0.568586 0.365966
0.656253 0.151785 0.569451 0.366204
0.657214 0.152272 0.570316 0.366441
0.658174 0.152759 0.57118 0.366678
0.659134 0.153247 0.572043 0.366915
0.660094 0.153736 0.572906 0.36715
0.661053 0.154226 0.573768 0.367386
0.662012 0.154716 0.57463 0.367621
0.662971 0.155207 0.57549 0.367855
0.663929 0.155699 0.576351 0.368089
0.664887 0.156191 0.57721 0.368322
0.665844 0.156684 0.57807 0.368555
0.666801 0.157178 0.578928 0.368787
0.667758 0.157672 0.579786 0.369019
0.668715 0.158167 0.580644 0.36925
0.669671 0.158663 0.581503 0.369482
0.670626 0.15916 0.582361 0.369713
0.671582 0.159657 0.583219 0.369943
0.672537 0.160155 0.584076 0.370174
0.673491 0.160653 0.584933 0.370403
0.674446 0.161152 0.585789 0.370632
0.6754 0.161652 0.586645 0.37086
0.676353 0.162153 0.5875 0.371089
0.677306 0.162654 0.588355 0.371316
0.678259 0.163156 0.58921 0.371543
0.679212 0.163659 0.590064 0.37177
0.680164 0.164162 0.590918 0.371996
0.681115 0.164666 0.591772 0.372221
0.682067 0.165171 0.592625 0.372447
0.683018 0.165677 0.593478 0.372671
0.683969 0.166183 0.59433 0.372895
0.684919 0.166689 0.595182 0.373119
0.685869 0.167197 0.596034 0.373342
0.686818 0.167705 0.596886 0.373565
0.687768 0.168214 0.597738 0.373787
0.688716 0.168723 0.598589 0.374009
0.689665 0.169233 0.59944 0.37423
0.690613 0.169744 0.600291 0.374451
0.691561 0.170256 0.601141 0.374671
0.692508 0.170768 0.601992 0.374891
0.693455 0.171281 0.602842 0.37511
0.694402 0.171794 0.603692 0.375329
0.695348 0.172308 0.604542 0.375547
0.696294 0.172823 0.605392 0.375765
0.69724 0.173339 0.606242 0.375982
0.698185 0.173855 0.607092 0.376199
0.69913 0.174372 0.607941 0.376415
0.700074 0.174889 0.608791 0.376631
0.701018 0.175407 0.609641 0.376847
0.701962 0.175926 0.610491 0.377062
0.702906 0.176446 0.61134 0.377276
0.703849 0.176966 0.61219 0.37749
0.704791 0.177487 0.613039 0.377703
0.705733 0.178008 0.613889 0.377916
0.706675 0.178531 0.614739 0.378129
0.707617 0.179053 0.615589 0.378341
0.708558 0.179577 0.616439 0.378552
0.709499 0.180101 0.617289 0.378763
0.71044 0.180626 0.61814 0.378974
0.71138 0.181151 0.61899 0.379184
0.71232 0.181677 0.619841 0.379393
0.713259 0.182204 0.620692 0.379602
0.714198 0.182731 0.621543 0.379811
0.715137 0.183259 0.622394 0.380019
0.716075 0.183788 0.623246 0.380226
0.717013 0.184317 0.624098 0.380433
0.71795 0.184847 0.62495 0.38064
0.718888 0.185378 0.625802 0.380846
0.719824 0.185909 0.626655 0.381051
0.720761 0.186441 0.627508 0.381256
0.721697 0.186974 0.628362 0.381461
0.722633 0.187507 0.629216 0.381665
0.723568 0.188041 0.63007 0.381868
0.724503 0.188575 0.630925 0.382071
0.725438 0.18911 0.63178 0.382274
0.726372 0.189646 0.632636 0.382475
0.727306 0.190182 0.633492 0.382677
0.728239 0.190719 0.634349 0.382878
0.729173 0.191257 0.635206 0.383078
0.730105 0.191795 0.636064 0.383278
0.731038 0.192334 0.636922 0.383477
0.73197 0.192874 0.637781 0.383675
0.732902 0.193414 0.638641 0.383874
0.733833 0.193955 0.639501 0.384071
0.734764 0.194496 0.640362 0.384268
0.735695 0.195038 0.641223 0.384465
0.736625 0.195581 0.642085 0.384661
0.737555 0.196124 0.642948 0.384856
0.738484 0.196668 0.643812 0.385051
0.739413 0.197213 0.644676 0.385246
0.740342 0.197758 0.645541 0.38544
0.741271 0.198304 0.646407 0.385633
0.742199 0.198851 0.647274 0.385826
0.743126 0.199398 0.648141 0.386018
0.744054 0.199946 0.64901 0.386209
0.74498 0.200494 0.649879 0.3864
0.745907 0.201043 0.650749 0.386591
0.746833 0.201593 0.65162 0.386781
0.747759 0.202143 0.652492 0.38697
0.748684 0.202694 0.653365 0.387158
0.74961 0.203246 0.65424 0.387346
0.750534 0.203798 0.655114 0.387534
0.751459 0.20435 0.65599 0.38772
0.752383 0.204904 0.656868 0.387907
0.753306 0.205457 0.657746 0.388092
0.75423 0.206012 0.658625 0.388277
0.755152 0.206567 0.659506 0.388461
0.756075 0.207123 0.660387 0.388645
0.756997 0.207679 0.66127 0.388828
0.757919 0.208236 0.662154 0.38901
0.75884 0.208794 0.663039 0.389192
0.759761 0.209352 0.663925 0.389373
0.760682 0.209911 0.664813 0.389554
0.761602 0.21047 0.665701 0.389733
0.762522 0.21103 0.666591 0.389913
0.763442 0.211591 0.667483 0.390091
0.764361 0.212152 0.668375 0.390269
0.76528 0.212714 0.66927 0.390446
0.766198 0.213277 0.670165 0.390623
0.767116 0.21384 0.671062 0.390798
0.768034 0.214404 0.67196 0.390973
0.768951 0.214968 0.67286 0.391148
0.769868 0.215533 0.673761 0.391321
0.770785 0.216098 0.674663 0.391494
0.771701 0.216665 0.675568 0.391666
0.772617 0.217231 0.676473 0.391838
0.773532 0.217799 0.677381 0.392008
0.774447 0.218367 0.67829 0.392178
0.775362 0.218935 0.6792 0.392348
0.776276 0.219504 0.680112 0.392516
0.77719 0.220074 0.681026 0.392684
0.778104 0.220644 0.681941 0.39285
0.779017 0.221215 0.682858 0.393016
0.77993 0.221787 0.683777 0.393181
0.780843 0.222359 0.684698 0.393346
0.781755 0.222931 0.68562 0.393509
0.782667 0.223504 0.686544 0.393672
0.783578 0.224078 0.687471 0.393834
0.784489 0.224653 0.688398 0.393995
0.7854 0.225228 0.689328 0.394155
0.78631 0.225803 0.69026 0.394314
0.78722 0.226379 0.691193 0.394472
0.788129 0.226956 0.692128 0.39463
0.789039 0.227534 0.693066 0.394787
0.789947 0.228112 0.694005 0.394943
0.790856 0.22869 0.694946 0.395097
0.791764 0.229269 0.695889 0.395251
0.792671 0.229849 0.696835 0.395404
0.793579 0.230429 0.697782 0.395556
0.794486 0.23101 0.698732 0.395707
0.795392 0.231592 0.699683 0.395858
0.796298 0.232174 0.700637 0.396007
0.797204 0.232757 0.701593 0.396155
0.798109 0.23334 0.702551 0.396302
0.799014 0.233924 0.703511 0.396449
0.799919 0.234509 0.704473 0.396594
0.800823 0.235094 0.705438 0.396738
0.801727 0.235679 0.706405 0.396881
0.802631 0.236266 0.707374 0.397023
0.803534 0.236852 0.708345 0.397164
0.804436 0.23744 0.709319 0.397304
0.805339 0.238028 0.710296 0.397443
0.806241 0.238616 0.711274 0.39758
0.807142 0.239205 0.712255 0.397717
0.808044 0.239795 0.713238 0.397852
0.808945 0.240385 0.714224 0.397987
0.809845 0.240976 0.715212 0.39812
0.810745 0.241567 0.716204 0.398251
0.811645 0.242159 0.717197 0.398382
0.812545 0.242752 0.718193 0.398511
0.813444 0.243345 0.719191 0.398639
0.814342 0.243938 0.720192 0.398766
0.815241 0.244532 0.721196 0.398892
0.816138 0.245127 0.722202 0.399016
0.817036 0.245722 0.723211 0.399139
0.817933 0.246318 0.724222 0.399261
0.81883 0.246915 0.725236 0.399381
0.819726 0.247512 0.726253 0.399501
0.820622 0.248109 0.727273 0.399618
0.821518 0.248708 0.728295 0.399735
0.822413 0.249306 0.72932 0.399849
0.823308 0.249906 0.730348 0.399963
0.824203 0.250505 0.731379 0.400075
0.825097 0.251106 0.732413 0.400186
0.82599 0.251707 0.733449 0.400295
0.826884 0.252308 0.734488 0.400403
0.827777 0.25291 0.73553 0.400509
0.828669 0.253513 0.736575 0.400614
0.829561 0.254116 0.737623 0.400717
0.830453 0.25472 0.738674 0.400819
0.831345 0.255324 0.739728 0.400919
0.832236 0.255929 0.740784 0.401018
0.833126 0.256535 0.741844 0.401115
0.834017 0.257141 0.742907 0.40121
0.834907 0.257748 0.743973 0.401304
0.835796 0.258355 0.745042 0.401396
0.836685 0.258963 0.746114 0.401486
0.837574 0.259571 0.747189 0.401575
0.838462 0.26018 0.748267 0.401662
0.83935 0.260789 0.749348 0.401747
0.840238 0.261399 0.750433 0.40183
0.841125 0.26201 0.75152 0.401912
0.842012 0.262621 0.752611 0.401992
0.842898 0.263232 0.753705 0.40207
0.843784 0.263845 0.754802 0.402146
0.84467 0.264458 0.755902 0.402221
0.845555 0.265071 0.757006 0.402293
0.84644 0.265685 0.758113 0.402364
0.847325 0.266299 0.759223 0.402432
0.848209 0.266914 0.760337 0.402499
0.849093 0.267529 0.761453 0.402563
0.849976 0.268145 0.762574 0.402626
0.850859 0.268762 0.763697 0.402686
0.851742 0.269379 0.764824 0.402745
0.852624 0.269996 0.765954 0.402801
0.853506 0.270615 0.767088 0.402855
0.854388 0.271233 0.768225 0.402907
0.855269 0.271853 0.769366 0.402957
0.85615 0.272472 0.770509 0.403005
0.85703 0.273093 0.771657 0.403051
0.85791 0.273714 0.772808 0.403094
0.85879 0.274335 0.773962 0.403135
0.859669 0.274957 0.775119 0.403174
0.860548 0.27558 0.776281 0.403211
0.861426 0.276203 0.777445 0.403245
0.862304 0.276826 0.778613 0.403277
0.863182 0.27745 0.779785 0.403307
0.864059 0.278075 0.78096 0.403334
0.864936 0.2787 0.782139 0.403359
0.865813 0.279326 0.783321 0.403382
0.866689 0.279953 0.784507 0.403401
0.867564 0.280579 0.785697 0.403419
0.86844 0.281207 0.78689 0.403434
0.869315 0.281835 0.788087 0.403446
0.870189 0.282463 0.789287 0.403456
0.871063 0.283092 0.790491 0.403463
0.871937 0.283722 0.791698 0.403468
0.87281 0.284352 0.792909 0.40347
0.873683 0.284983 0.794123 0.403469
0.874556 0.285614 0.795342 0.403466
0.875428 0.286246 0.796564 0.40346
0.8763 0.286878 0.79779 0.403451
0.877171 0.287511 0.799019 0.403439
0.878042 0.288145 0.800252 0.403425
0.878913 0.288779 0.801489 0.403408
0.879783 0.289413 0.802729 0.403387
0.880653 0.290048 0.803973 0.403365
0.881522 0.290684 0.805221 0.403339
0.882391 0.29132 0.806472 0.40331
0.88326 0.291957 0.807727 0.403278
0.884128 0.292594 0.808985 0.403244
0.884996 0.293232 0.810247 0.403206
0.885864 0.29387 0.811514 0.403165
0.886731 0.294509 0.812784 0.403121
0.887597 0.295148 0.814057 0.403074
0.888464 0.295788 0.815334 0.403024
0.88933 0.296428 0.816615 0.402971
0.890195 0.297069 0.817899 0.402914
0.89106 0.297711 0.819187 0.402855
0.891925 0.298353 0.820479 0.402792
0.892789 0.298995 0.821775 0.402726
0.893653 0.299638 0.823074 0.402656
0.894517 0.300282 0.824377 0.402583
0.89538 0.300926 0.825684 0.402507
0.896243 0.30157 0.826995 0.402427
0.897105 0.302215 0.828309 0.402344
0.897967 0.302861 0.829626 0.402258
0.898829 0.303507 0.830948 0.402168
0.89969 0.304153 0.832273 0.402075
0.900551 0.3048 0.833602 0.401978
0.901412 0.305448 0.834934 0.401878
0.902272 0.306096 0.83627 0.401774
0.903131 0.306745 0.83761 0.401666
0.903991 0.307394 0.838954 0.401555
0.904849 0.308044 0.8403 0.401441
0.905708 0.308694 0.841651 0.401322
0.906566 0.309345 0.843005 0.4012
0.907424 0.309996 0.844363 0.401074
0.908281 0.310648 0.845725 0.400945
0.909138 0.311301 0.84709 0.400812
0.909994 0.311954 0.848458 0.400675
0.91085 0.312607 0.84983 0.400534
0.911706 0.313261 0.851206 0.40039
0.912561 0.313916 0.852585 0.400241
0.913416 0.314571 0.853968 0.400089
0.91427 0.315226 0.855354 0.399933
0.915125 0.315882 0.856744 0.399773
0.915978 0.316539 0.858137 0.399608
0.916831 0.317196 0.859534 0.39944
0.917684 0.317854 0.860934 0.399268
0.918537 0.318512 0.862337 0.399093
0.919389 0.319171 0.863744 0.398912
0.92024 0.31983 0.865155 0.398728
0.921092 0.32049 0.866569 0.39854
0.921943 0.32115 0.867986 0.398348
0.922793 0.321811 0.869407 0.398152
0.923643 0.322472 0.87083 0.397951
0.924493 0.323134 0.872258 0.397747
0.925342 0.323796 0.873688 0.397538
0.926191 0.324459 0.875122 0.397325
0.927039 0.325122 0.876559 0.397107
0.927887 0.325786 0.878 0.396886
0.928735 0.326451 0.879443 0.39666
0.929582 0.327116 0.88089 0.396431
0.930429 0.327781 0.88234 0.396196
0.931275 0.328447 0.883793 0.395958
0.932121 0.329114 0.885249 0.395715
0.932967 0.32978 0.886708 0.395468
0.933812 0.330448 0.888171 0.395216
0.934657 0.331116 0.889636 0.39496
0.935501 0.331784 0.891105 0.3947
0.936345 0.332453 0.892577 0.394435
0.937189 0.333123 0.894051 0.394166
0.938032 0.333793 0.895529 0.393892
0.938875 0.334464 0.897009 0.393614
0.939717 0.335135 0.898493 0.393332
0.940559 0.335806 0.899979 0.393045
0.941401 0.336478 0.901468 0.392754
0.942242 0.337151 0.90296 0.392458
0.943083 0.337824 0.904455 0.392157
0.943923 0.338498 0.905953 0.391853
0.944763 0.339172 0.907453 0.391543
0.945603 0.339846 0.908956 0.391229
0.946442 0.340521 0.910462 0.39091
0.947281 0.341197 0.91197 0.390588
0.948119 0.341872 0.913481 0.390259
0.948957 0.342549 0.914995 0.389927
0.949795 0.343226 0.916512 0.38959
0.950632 0.343903 0.91803 0.389248
0.951469 0.344581 0.919552 0.388902
0.952306 0.345259 0.921075 0.388552
0.953142 0.345938 0.922602 0.388196
0.953978 0.346617 0.92413 0.387836
0.954813 0.347297 0.925661 0.387472
0.955648 0.347978 0.927195 0.387103
0.956482 0.348658 0.92873 0.386729
0.957316 0.34934 0.930268 0.386351
0.95815 0.350021 0.931808 0.385968
0.958983 0.350704 0.933351 0.38558
0.959816 0.351386 0.934895 0.385188
0.960649 0.35207 0.936441 0.384791
0.961481 0.352753 0.93799 0.38439
0.962313 0.353438 0.939541 0.383984
0.963144 0.354122 0.941093 0.383573
0.963975 0.354807 0.942648 0.383158
0.964805 0.355493 0.944204 0.382738
0.965636 0.356179 0.945762 0.382314
0.966465 0.356865 0.947322 0.381885
0.967295 0.357552 0.948884 0.381451
0.968124 0.35824 0.950448 0.381013
0.968953 0.358928 0.952013 0.38057
0.969781 0.359616 0.95358 0.380123
0.970609 0.360305 0.955148 0.379671
0.971437 0.360994 0.956718 0.379215
0.972264 0.361684 0.958289 0.378754
0.973091 0.362374 0.959862 0.378289
0.973917 0.363064 0.961436 0.37782
0.974744 0.363755 0.963011 0.377345
0.97557 0.364446 0.964587 0.376867
0.976395 0.365138 0.966164 0.376385
0.97722 0.36583 0.967742 0.375898
0.978046 0.366522 0.96932 0.375408
0.97887 0.367214 0.970898 0.374914
0.979695 0.367907 0.972476 0.374417
0.980519 0.3686 0.974053 0.373917
0.981343 0.369294 0.975627 0.373417
0.982168 0.369987 0.977196 0.372919
0.982992 0.37068 0.978754 0.372431
0.983816 0.371374 0.98028 0.371974
0.984641 0.372066 0.981693 0.371647
0.985467 0.372757 0.982483 0.372342

