0 0 0 0
0.00107699 1.13544e-09 0.000270667 0.000288791
0.00215398 6.44658e-07 0.000537364 0.000579535
0.00323097 2.57168e-06 0.000800195 0.000872867
0.00430796 5.7888e-06 0.00105927 0.00116881
0.00538494 1.02954e-05 0.00131469 0.00146733
0.00646191 1.61005e-05 0.00156656 0.00176848
0.00753888 2.32018e-05 0.00181497 0.00207219
0.00861584 3.16122e-05 0.00206006 0.00237856
0.00969279 4.13262e-05 0.00230189 0.00268748
0.0107697 5.23584e-05 0.00254065 0.00299918
0.0118466 6.46885e-05 0.00277632 0.00331331
0.0129235 7.83452e-05 0.00300904 0.00363002
0.0140004 9.33347e-05 0.00323908 0.00394973
0.0150773 0.000109624 0.00346638 0.00427197
0.0161541 0.000127228 0.00369102 0.00459672
0.017231 0.000146158 0.0039131 0.00492397
0.0183078 0.000166434 0.00413272 0.00525371
0.0193845 0.000188069 0.00435029 0.00558682
0.0204613 0.000211009 0.00456564 0.00592257
0.021538 0.000235269 0.00477894 0.00626097
0.0226147 0.000260841 0.00499017 0.00660196
0.0236913 0.000287743 0.00519954 0.00694559
0.024768 0.000315982 0.0054071 0.00729186
0.0258446 0.00034555 0.00561293 0.00764074
0.0269211 0.000376481 0.00581713 0.00799228
0.0279976 0.000408737 0.00601982 0.00834642
0.0290741 0.000442376 0.00622111 0.00870326
0.0301505 0.00047737 0.00642144 0.00906374
0.0312269 0.000513682 0.00662062 0.0094271
0.0323032 0.000551305 0.00681873 0.00979323
0.0333795 0.000590247 0.00701585 0.0101621
0.0344557 0.000630549 0.00721209 0.0105339
0.0355319 0.000672134 0.00740755 0.0109084
0.0366081 0.000715028 0.00760232 0.0112858
0.0376841 0.000759281 0.0077965 0.011666
0.0387602 0.000804854 0.00799019 0.0120491
0.0398361 0.000851751 0.00818347 0.012435
0.040912 0.000899948 0.00837642 0.0128238
0.0419879 0.000949498 0.00856919 0.0132156
0.0430637 0.00100038 0.00876173 0.0136102
0.0441394 0.00105255 0.00895437 0.0140078
0.0452151 0.00110605 0.00914695 0.0144082
0.0462907 0.00116091 0.00933964 0.0148116
0.0473662 0.00121707 0.00953266 0.0152181
0.0484416 0.00127456 0.00972595 0.0156275
0.049517 0.00133338 0.0099196 0.0160399
0.0505923 0.00139351 0.0101137 0.0164553
0.0516676 0.00145493 0.0103085 0.0168737
0.0527427 0.00151769 0.0105039 0.0172952
0.0538178 0.00158179 0.0107 0.0177198
0.0548928 0.00164722 0.0108974 0.0181489
0.0559677 0.00171392 0.0110958 0.0185813
0.0570426 0.00178185 0.0112953 0.0190169
0.0581174 0.00185104 0.0114959 0.0194556
0.059192 0.00192153 0.0116977 0.0198977
0.0602666 0.00199329 0.0119007 0.020343
0.0613411 0.00206633 0.0121051 0.0207916
0.0624156 0.00214059 0.0123109 0.0212435
0.0634899 0.00221613 0.0125181 0.0216988
0.0645642 0.0022929 0.012727 0.0221574
0.0656383 0.00237094 0.0129375 0.0226194
0.0667124 0.00245022 0.0131497 0.0230848
0.0677864 0.0025307 0.0133638 0.0235535
0.0688603 0.00261242 0.0135796 0.0240257
0.0699341 0.00269534 0.0137974 0.0245013
0.0710077 0.00277946 0.0140173 0.0249804
0.0720814 0.00286481 0.0142391 0.025463
0.0731549 0.00295141 0.0144631 0.0259491
0.0742283 0.00303925 0.0146893 0.0264387
0.0753016 0.00312825 0.0149178 0.026932
0.0763748 0.00321848 0.0151486 0.0274288
0.0774479 0.00330992 0.0153818 0.0279292
0.0785209 0.00340255 0.0156174 0.0284332
0.0795938 0.00349634 0.0158555 0.0289409
0.0806666 0.00359123 0.0160963 0.0294522
0.0817393 0.00368731 0.0163396 0.0299671
0.0828119 0.00378457 0.0165857 0.0304857
0.0838844 0.00388301 0.0168343 0.031008
0.0849567 0.00398263 0.017086 0.0315342
0.086029 0.00408339 0.0173404 0.032064
0.0871012 0.00418524 0.0175978 0.0325977
0.0881732 0.00428825 0.0178581 0.0331351
0.0892452 0.0043924 0.0181213 0.0336763
0.090317 0.00449766 0.0183878 0.0342214
0.0913887 0.00460405 0.0186572 0.0347702
0.0924603 0.00471156 0.0189298 0.035323
0.0935318 0.00482018 0.0192057 0.0358796
0.0946032 0.00492985 0.0194848 0.0364402
0.0956745 0.00504063 0.0197672 0.0370046
0.0967457 0.0051525 0.0200528 0.0375729
0.0978167 0.00526543 0.0203419 0.0381452
0.0988876 0.00537946 0.0206345 0.0387215
0.0999585 0.00549458 0.0209304 0.0393017
0.101029 0.00561077 0.0212299 0.0398859
0.1021 0.00572804 0.0215329 0.0404742
0.10317 0.00584629 0.0218396 0.0410665
0.104241 0.00596559 0.0221497 0.0416628
0.105311 0.00608591 0.0224637 0.0422631
0.106381 0.00620724 0.0227811 0.0428674
0.107451 0.00632959 0.0231025 0.0434759
0.108521 0.00645299 0.0234275 0.0440884
0.109591 0.0065774 0.0237563 0.044705
0.11066 0.00670281 0.024089 0.0453258
0.11173 0.00682922 0.0244254 0.0459506
0.112799 0.00695663 0.0247657 0.0465796
0.113869 0.00708498 0.0251101 0.0472127
0.114938 0.00721426 0.0254584 0.0478499
0.116007 0.00734453 0.0258105 0.0484913
0.117076 0.00747576 0.0261667 0.0491368
0.118145 0.00760795 0.0265269 0.0497865
0.119213 0.0077411 0.0268911 0.0504404
0.120282 0.0078752 0.0272593 0.0510984
0.121351 0.00801021 0.0276317 0.0517607
0.122419 0.00814615 0.0280082 0.0524272
0.123487 0.00828301 0.0283888 0.0530979
0.124555 0.0084208 0.0287734 0.0537726
0.125623 0.00855947 0.0291625 0.0544518
0.126691 0.00869903 0.0295554 0.0551349
0.127759 0.00883939 0.0299528 0.0558224
0.128827 0.00898064 0.0303543 0.0565139
0.129894 0.00912277 0.03076 0.0572097
0.130962 0.00926576 0.0311702 0.0579098
0.132029 0.00940963 0.0315849 0.0586152
0.133096 0.00955433 0.0320047 0.0593259
0.134163 0.00969986 0.0324287 0.0600408
0.13523 0.00984622 0.032857 0.0607599
0.136297 0.00999339 0.0332897 0.0614834
0.137364 0.0101414 0.0337269 0.0622112
0.138431 0.0102901 0.0341684 0.0629431
0.139497 0.0104397 0.0346142 0.0636792
0.140564 0.0105901 0.0350646 0.0644197
0.14163 0.0107412 0.0355194 0.0651643
0.142696 0.0108931 0.0359785 0.0659132
0.143762 0.0110458 0.0364422 0.0666663
0.144828 0.0111991 0.0369103 0.0674235
0.145894 0.0113532 0.0373828 0.068185
0.14696 0.011508 0.0378596 0.0689504
0.148026 0.0116636 0.0383413 0.0697204
0.149092 0.0118199 0.0388271 0.0704943
0.150157 0.0119769 0.0393177 0.0712724
0.151222 0.0121345 0.0398126 0.0720547
0.152288 0.012293 0.0403119 0.072841
0.153353 0.012452 0.040816 0.0736315
0.154418 0.0126118 0.0413244 0.0744261
0.155483 0.0127722 0.0418372 0.0752247
0.156548 0.0129333 0.0423547 0.0760274
0.157613 0.013095 0.0428766 0.0768342
0.158677 0.0132574 0.043403 0.0776449
0.159742 0.0134204 0.0439341 0.0784598
0.160806 0.0135842 0.0444695 0.0792787
0.161871 0.0137485 0.0450094 0.0801015
0.162935 0.0139135 0.0455538 0.0809282
0.163999 0.014079 0.0461028 0.081759
0.165063 0.0142452 0.0466563 0.0825936
0.166127 0.014412 0.0472144 0.0834322
0.167191 0.0145793 0.0477768 0.0842745
0.168255 0.0147473 0.048344 0.0851209
0.169319 0.0149159 0.0489153 0.0859709
0.170382 0.015085 0.0494913 0.0868249
0.171446 0.0152547 0.0500719 0.0876826
0.172509 0.015425 0.0506568 0.088544
0.173573 0.0155957 0.0512464 0.0894093
0.174636 0.0157672 0.0518401 0.0902781
0.175699 0.0159391 0.0524385 0.0911507
0.176762 0.0161116 0.0530415 0.0920271
0.177825 0.0162847 0.0536488 0.092907
0.178888 0.0164583 0.0542606 0.0937906
0.179951 0.0166325 0.0548769 0.0946778
0.181014 0.0168072 0.0554976 0.0955684
0.182076 0.0169824 0.0561227 0.0964626
0.183139 0.0171581 0.0567523 0.0973603
0.184201 0.0173343 0.0573863 0.0982614
0.185264 0.017511 0.0580245 0.0991659
0.186326 0.0176882 0.0586675 0.100074
0.187388 0.0178659 0.0593147 0.100985
0.18845 0.0180441 0.0599664 0.1019
0.189512 0.0182228 0.0606221 0.102818
0.190574 0.018402 0.0612827 0.103739
0.191636 0.0185817 0.0619473 0.104663
0.192698 0.0187619 0.0626164 0.105591
0.19376 0.0189424 0.0632898 0.106522
0.194822 0.0191233 0.0639675 0.107456
0.195883 0.0193046 0.0646497 0.108392
0.196945 0.0194864 0.065336 0.109332
0.198006 0.0196687 0.0660266 0.110275
0.199068 0.0198513 0.0667217 0.111221
0.200129 0.0200344 0.067421 0.112169
0.20119 0.020218 0.0681244 0.113121
0.202251 0.020402 0.0688322 0.114075
0.203312 0.0205864 0.0695442 0.115033
0.204373 0.0207713 0.0702605 0.115993
0.205434 0.0209566 0.0709809 0.116955
0.206495 0.0211423 0.0717057 0.117921
0.207556 0.0213284 0.0724344 0.118889
0.208617 0.0215149 0.0731675 0.11986
0.209677 0.0217018 0.0739047 0.120833
0.210738 0.0218889 0.0746462 0.121808
0.211798 0.0220766 0.0753915 0.122786
0.212859 0.0222646 0.0761411 0.123767
0.213919 0.0224529 0.076895 0.124749
0.21498 0.0226417 0.0776527 0.125735
0.21604 0.0228308 0.0784147 0.126722
0.2171 0.0230203 0.0791806 0.127712
0.21816 0.0232102 0.0799506 0.128703
0.21922 0.0234005 0.0807247 0.129697
0.22028 0.0235911 0.0815027 0.130693
0.22134 0.0237822 0.0822847 0.131691
0.2224 0.0239735 0.0830709 0.132692
0.22346 0.0241653 0.0838609 0.133694
0.224519 0.0243574 0.0846548 0.134698
0.225579 0.0245499 0.0854527 0.135703
0.226639 0.0247426 0.0862545 0.136711
0.227698 0.0249358 0.0870601 0.13772
0.228758 0.0251291 0.0878699 0.138731
0.229817 0.0253229 0.0886832 0.139744
0.230877 0.025517 0.0895006 0.140758
0.231936 0.0257113 0.0903217 0.141773
0.232995 0.025906 0.0911468 0.142791
0.234054 0.0261011 0.0919755 0.143809
0.235113 0.0262965 0.0928079 0.144829
0.236172 0.0264922 0.0936443 0.145851
0.237231 0.0266882 0.0944843 0.146873
0.23829 0.0268846 0.095328 0.147897
0.239349 0.0270814 0.0961754 0.148922
0.240408 0.0272785 0.0970264 0.149949
0.241467 0.0274758 0.0978813 0.150976
0.242525 0.0276736 0.0987397 0.152004
0.243584 0.0278716 0.0996016 0.153034
0.244643 0.02807 0.100467 0.154064
0.245701 0.0282687 0.101336 0.155095
0.24676 0.0284678 0.102209 0.156128
0.247818 0.0286672 0.103085 0.15716
0.248876 0.0288668 0.103965 0.158194
0.249935 0.0290667 0.104848 0.159228
0.250993 0.0292668 0.105735 0.160263
0.252051 0.0294674 0.106625 0.161298
0.253109 0.0296682 0.107519 0.162334
0.254167 0.0298693 0.108415 0.16337
0.255225 0.0300708 0.109316 0.164407
0.256283 0.0302725 0.11022 0.165444
0.257341 0.0304747 0.111126 0.166482
0.258399 0.0306771 0.112037 0.167519
0.259456 0.0308799 0.11295 0.168557
0.260514 0.031083 0.113867 0.169595
0.261572 0.0312864 0.114787 0.170634
0.262629 0.0314902 0.11571 0.171672
0.263687 0.0316942 0.116637 0.17271
0.264744 0.0318986 0.117566 0.173748
0.265801 0.0321033 0.118499 0.174786
0.266859 0.0323084 0.119435 0.175825
0.267916 0.0325138 0.120373 0.176862
0.268973 0.0327195 0.121315 0.1779
0.27003 0.0329256 0.12226 0.178937
0.271087 0.033132 0.123208 0.179974
0.272144 0.0333388 0.124159 0.181011
0.273201 0.0335458 0.125113 0.182047
0.274258 0.0337532 0.126069 0.183082
0.275315 0.0339609 0.127029 0.184118
0.276371 0.034169 0.127992 0.185152
0.277428 0.0343773 0.128957 0.186186
0.278485 0.034586 0.129925 0.187219
0.279541 0.034795 0.130896 0.188251
0.280598 0.0350044 0.131869 0.189283
0.281654 0.035214 0.132846 0.190313
0.28271 0.0354241 0.133825 0.191343
0.283767 0.0356344 0.134807 0.192372
0.284823 0.0358451 0.135791 0.1934
0.285879 0.0360562 0.136778 0.194427
0.286935 0.0362677 0.137767 0.195452
0.287991 0.0364795 0.138759 0.196477
0.289047 0.0366917 0.139754 0.197501
0.290102 0.0369043 0.140751 0.198523
0.291158 0.0371172 0.14175 0.199544
0.292214 0.0373306 0.142752 0.200564
0.293269 0.0375443 0.143756 0.201583
0.294325 0.0377584 0.144763 0.2026
0.29538 0.0379729 0.145772 0.203616
0.296436 0.0381878 0.146783 0.20463
0.297491 0.0384031 0.147797 0.205643
0.298546 0.0386188 0.148813 0.206654
0.299601 0.0388349 0.14983 0.207664
0.300656 0.0390514 0.150851 0.208672
0.301711 0.0392683 0.151873 0.209678
0.302766 0.0394857 0.152897 0.210683
0.303821 0.0397035 0.153924 0.211686
0.304875 0.0399217 0.154952 0.212687
0.30593 0.0401403 0.155983 0.213687
0.306984 0.0403594 0.157015 0.214684
0.308039 0.0405789 0.158049 0.21568
0.309093 0.0407987 0.159086 0.216674
0.310147 0.041019 0.160124 0.217666
0.311201 0.0412397 0.161164 0.218655
0.312256 0.0414609 0.162206 0.219643
0.313309 0.0416824 0.16325 0.220629
0.314363 0.0419045 0.164295 0.221612
0.315417 0.0421271 0.165342 0.222593
0.316471 0.0423501 0.166391 0.223573
0.317524 0.0425736 0.167441 0.22455
0.318578 0.0427976 0.168493 0.225524
0.319631 0.0430221 0.169547 0.226497
0.320684 0.043247 0.170602 0.227467
0.321737 0.0434725 0.171659 0.228435
0.32279 0.0436985 0.172717 0.229401
0.323843 0.043925 0.173777 0.230364
0.324896 0.044152 0.174838 0.231325
0.325949 0.0443796 0.1759 0.232283
0.327001 0.0446076 0.176964 0.233239
0.328054 0.0448362 0.178029 0.234193
0.329106 0.0450654 0.179095 0.235144
0.330158 0.0452951 0.180163 0.236092
0.33121 0.0455254 0.181232 0.237038
0.332262 0.0457562 0.182302 0.237981
0.333314 0.0459875 0.183373 0.238922
0.334366 0.0462195 0.184445 0.23986
0.335418 0.046452 0.185518 0.240796
0.336469 0.0466851 0.186593 0.241728
0.33752 0.0469188 0.187668 0.242658
0.338572 0.0471531 0.188745 0.243586
0.339623 0.047388 0.189822 0.24451
0.340674 0.0476234 0.1909 0.245432
0.341724 0.0478596 0.191979 0.246351
0.342775 0.0480963 0.193059 0.247267
0.343826 0.0483336 0.19414 0.24818
0.344876 0.0485716 0.195222 0.249091
0.345926 0.0488103 0.196304 0.249999
0.346976 0.0490495 0.197387 0.250904
0.348026 0.0492895 0.198471 0.251806
0.349076 0.04953 0.199555 0.252705
0.350126 0.0497712 0.20064 0.253601
0.351175 0.0500131 0.201726 0.254494
0.352224 0.0502556 0.202812 0.255384
0.353274 0.0504986 0.203899 0.256271
0.354323 0.0507425 0.204986 0.257155
0.355371 0.050987 0.206074 0.258036
0.35642 0.0512322 0.207162 0.258915
0.357469 0.0514782 0.20825 0.25979
0.358517 0.0517248 0.209339 0.260662
0.359565 0.0519722 0.210428 0.261532
0.360613 0.0522203 0.211518 0.262398
0.361661 0.0524693 0.212608 0.263261
0.362709 0.0527189 0.213698 0.264121
0.363756 0.0529693 0.214788 0.264978
0.364803 0.0532205 0.215879 0.265832
0.365851 0.0534725 0.21697 0.266683
0.366897 0.0537253 0.21806 0.267531
0.367944 0.0539788 0.219151 0.268376
0.368991 0.0542332 0.220242 0.269217
0.370037 0.0544884 0.221333 0.270056
0.371083 0.0547443 0.222425 0.270892
0.372129 0.0550012 0.223516 0.271724
0.373175 0.0552588 0.224607 0.272553
0.37422 0.0555173 0.225698 0.27338
0.375266 0.0557766 0.226789 0.274203
0.376311 0.0560369 0.227879 0.275023
0.377355 0.0562979 0.22897 0.27584
0.3784 0.0565599 0.230061 0.276654
0.379444 0.0568228 0.231151 0.277465
0.380489 0.0570865 0.232241 0.278273
0.381533 0.0573511 0.233331 0.279077
0.382576 0.0576167 0.234421 0.279878
0.38362 0.0578831 0.23551 0.280677
0.384663 0.0581505 0.236599 0.281472
0.385706 0.0584188 0.237688 0.282265
0.386749 0.0586881 0.238776 0.283054
0.387792 0.0589583 0.239864 0.28384
0.388834 0.0592295 0.240951 0.284623
0.389876 0.0595016 0.242039 0.285403
0.390918 0.0597748 0.243125 0.28618
0.391959 0.0600489 0.244211 0.286954
0.393 0.0603239 0.245297 0.287725
0.394041 0.0606001 0.246382 0.288492
0.395082 0.0608771 0.247467 0.289257
0.396123 0.0611553 0.248551 0.290019
0.397163 0.0614344 0.249634 0.290777
0.398203 0.0617146 0.250717 0.291533
0.399242 0.0619958 0.2518 0.292286
0.400282 0.0622781 0.252881 0.293035
0.401321 0.0625614 0.253962 0.293782
0.40236 0.0628457 0.255043 0.294525
0.403398 0.0631312 0.256122 0.295266
0.404436 0.0634176 0.257201 0.296004
0.405474 0.0637052 0.258279 0.296738
0.406512 0.0639938 0.259357 0.29747
0.407549 0.0642836 0.260434 0.298199
0.408586 0.0645744 0.26151 0.298924
0.409623 0.0648665 0.262585 0.299647
0.410659 0.0651596 0.263659 0.300367
0.411695 0.0654539 0.264732 0.301085
0.412731 0.0657494 0.265805 0.301799
0.413766 0.066046 0.266877 0.30251
0.414801 0.0663438 0.267948 0.303219
0.415836 0.0666428 0.269018 0.303925
0.41687 0.0669429 0.270087 0.304627
0.417904 0.0672443 0.271155 0.305328
0.418937 0.0675468 0.272223 0.306025
0.419971 0.0678506 0.273289 0.306719
0.421004 0.0681556 0.274355 0.307411
0.422036 0.0684618 0.275419 0.3081
0.423068 0.0687693 0.276482 0.308786
0.4241 0.0690781 0.277545 0.30947
0.425131 0.0693881 0.278607 0.310151
0.426163 0.0696994 0.279667 0.310829
0.427193 0.0700119 0.280727 0.311504
0.428223 0.0703257 0.281785 0.312177
0.429253 0.0706408 0.282843 0.312848
0.430283 0.0709572 0.283899 0.313515
0.431312 0.0712749 0.284955 0.31418
0.43234 0.071594 0.286009 0.314842
0.433369 0.0719144 0.287062 0.315502
0.434397 0.0722361 0.288115 0.316159
0.435424 0.0725591 0.289166 0.316814
0.436451 0.0728835 0.290216 0.317466
0.437477 0.0732093 0.291265 0.318116
0.438504 0.0735364 0.292313 0.318763
0.439529 0.0738649 0.29336 0.319408
0.440555 0.0741949 0.294405 0.32005
0.441579 0.0745261 0.29545 0.32069
0.442604 0.0748589 0.296493 0.321327
0.443627 0.0751929 0.297536 0.321962
0.444651 0.0755285 0.298577 0.322595
0.445674 0.0758654 0.299617 0.323225
0.446696 0.0762038 0.300656 0.323853
0.447718 0.0765436 0.301694 0.324479
0.44874 0.0768849 0.302731 0.325102
0.449761 0.0772276 0.303766 0.325722
0.450781 0.0775718 0.304801 0.326341
0.451801 0.0779174 0.305834 0.326958
0.452821 0.0782646 0.306866 0.327572
0.45384 0.0786132 0.307897 0.328184
0.454858 0.0789634 0.308927 0.328794
0.455876 0.079315 0.309956 0.329401
0.456894 0.0796681 0.310984 0.330007
0.457911 0.0800227 0.31201 0.33061
0.458927 0.0803788 0.313035 0.331211
0.459943 0.0807365 0.31406 0.33181
0.460959 0.0810957 0.315083 0.332407
0.461973 0.0814565 0.316105 0.333002
0.462988 0.0818188 0.317125 0.333595
0.464001 0.0821827 0.318145 0.334185
0.465014 0.0825481 0.319164 0.334774
0.466027 0.0829152 0.320181 0.335361
0.467039 0.0832837 0.321197 0.335946
0.46805 0.0836538 0.322213 0.336528
0.469061 0.0840256 0.323227 0.337109
0.470071 0.0843989 0.32424 0.337688
0.471081 0.0847738 0.325252 0.338265
0.47209 0.0851503 0.326262 0.33884
0.473098 0.0855285 0.327272 0.339414
0.474106 0.0859082 0.328281 0.339985
0.475113 0.0862896 0.329288 0.340554
0.47612 0.0866727 0.330295 0.341122
0.477126 0.0870574 0.3313 0.341688
0.478131 0.0874437 0.332305 0.342252
0.479136 0.0878317 0.333308 0.342815
0.48014 0.0882214 0.33431 0.343375
0.481143 0.0886128 0.335311 0.343934
0.482146 0.0890058 0.336311 0.344491
0.483148 0.0894005 0.337311 0.345047
0.484149 0.089797 0.338309 0.345601
0.48515 0.0901951 0.339306 0.346153
0.48615 0.0905949 0.340302 0.346704
0.487149 0.0909964 0.341297 0.347253
0.488148 0.0913996 0.342291 0.3478
0.489146 0.0918045 0.343285 0.348346
0.490143 0.0922112 0.344277 0.34889
0.49114 0.0926196 0.345268 0.349433
0.492135 0.0930297 0.346258 0.349974
0.493131 0.0934416 0.347248 0.350514
0.494125 0.0938553 0.348236 0.351052
0.495119 0.0942706 0.349224 0.351589
0.496111 0.0946878 0.35021 0.352123
0.497104 0.0951067 0.351196 0.352657
0.498095 0.0955274 0.352181 0.35319
0.499086 0.0959498 0.353165 0.35372
0.500076 0.0963741 0.354148 0.35425
0.501065 0.0968001 0.35513 0.354778
0.502053 0.0972279 0.356112 0.355305
0.503041 0.0976575 0.357092 0.35583
0.504028 0.0980888 0.358072 0.356354
0.505014 0.098522 0.359051 0.356877
0.505999 0.098957 0.36003 0.357398
0.506983 0.0993938 0.361007 0.357918
0.507967 0.0998325 0.361984 0.358437
0.50895 0.100273 0.36296 0.358954
0.509932 0.100715 0.363935 0.359471
0.510913 0.101159 0.36491 0.359986
0.511893 0.101605 0.365884 0.3605
0.512873 0.102053 0.366857 0.361012
0.513851 0.102502 0.36783 0.361523
0.514829 0.102954 0.368801 0.362033
0.515806 0.103407 0.369773 0.362542
0.516782 0.103862 0.370744 0.36305
0.517757 0.104319 0.371714 0.363557
0.518732 0.104778 0.372683 0.364062
0.519705 0.105239 0.373652 0.364566
0.520678 0.105701 0.374621 0.36507
0.52165 0.106166 0.375588 0.365572
0.52262 0.106632 0.376556 0.366073
0.52359 0.1071 0.377523 0.366573
0.524559 0.10757 0.378489 0.367072
0.525528 0.108042 0.379455 0.36757
0.526495 0.108515 0.38042 0.368066
0.527461 0.108991 0.381385 0.368562
0.528426 0.109468 0.38235 0.369057
0.529391 0.109948 0.383314 0.36955
0.530354 0.110429 0.384278 0.370043
0.531317 0.110912 0.385242 0.370535
0.532279 0.111397 0.386205 0.371025
0.533239 0.111884 0.387167 0.371515
0.534199 0.112373 0.38813 0.372004
0.535158 0.112863 0.389092 0.372491
0.536115 0.113356 0.390054 0.372978
0.537072 0.11385 0.391016 0.373464
0.538028 0.114346 0.391978 0.373948
0.538983 0.114845 0.392939 0.374432
0.539937 0.115345 0.3939 0.374915
0.54089 0.115847 0.394861 0.375397
0.541842 0.116351 0.395822 0.375879
0.542792 0.116856 0.396783 0.376359
0.543742 0.117364 0.397744 0.376838
0.544691 0.117874 0.398704 0.377317
0.545639 0.118385 0.399665 0.377794
0.546586 0.118898 0.400626 0.378271
0.547531 0.119414 0.401586 0.378747
0.548476 0.119931 0.402547 0.379222
0.54942 0.12045 0.403507 0.379696
0.550363 0.120971 0.404468 0.380169
0.551304 0.121493 0.405428 0.380641
0.552245 0.122018 0.406389 0.381113
0.553184 0.122545 0.40735 0.381583
0.554123 0.123073 0.408312 0.382053
0.55506 0.123603 0.409273 0.382522
0.555996 0.124135 0.410234 0.38299
0.556932 0.12467 0.411196 0.383458
0.557866 0.125205 0.412158 0.383924
0.558799 0.125743 0.41312 0.38439
0.559731 0.126283 0.414083 0.384855
0.560662 0.126825 0.415046 0.385319
0.561591 0.127368 0.416009 0.385782
0.56252 0.127913 0.416973 0.386245
0.563448 0.128461 0.417937 0.386707
0.564374 0.12901 0.418901 0.387168
0.5653 0.129561 0.419866 0.387627
0.566224 0.130114 0.420832 0.388087
0.567147 0.130668 0.421797 0.388546
0.568069 0.131225 0.422764 0.389004
0.56899 0.131784 0.423731 0.389461
0.569909 0.132344 0.424698 0.389918
0.570828 0.132906 0.425666 0.390373
0.571745 0.13347 0.426635 0.390828
0.572662 0.134036 0.427605 0.391282
0.573577 0.134604 0.428575 0.391736
0.574491 0.135174 0.429546 0.392189
0.575404 0.135745 0.430517 0.39264
0.576315 0.136319 0.43149 0.393092
0.577226 0.136894 0.432463 0.393542
0.578135 0.137471 0.433437 0.393992
0.579043 0.13805 0.434412 0.394441
0.57995 0.138631 0.435387 0.39489
0.580856 0.139213 0.436364 0.395337
0.581761 0.139798 0.437341 0.395784
0.582664 0.140384 0.43832 0.39623
0.583566 0.140972 0.439299 0.396676
0.584467 0.141562 0.440279 0.397121
0.585367 0.142154 0.441262 0.397565
0.586266 0.142748 0.442244 0.398009
0.587163 0.143343 0.443228 0.398452
0.588059 0.14394 0.444212 0.398893
0.588955 0.144539 0.445198 0.399335
0.589848 0.14514 0.446186 0.399776
0.590741 0.145743 0.447174 0.400216
0.591632 0.146347 0.448164 0.400655
0.592523 0.146953 0.449155 0.401094
0.593412 0.147561 0.450147 0.401532
0.594299 0.148171 0.451141 0.401969
0.595186 0.148782 0.452136 0.402406
0.596071 0.149396 0.453132 0.402842
0.596955 0.150011 0.45413 0.403278
0.597838 0.150628 0.455129 0.403712
0.59872 0.151246 0.45613 0.404147
0.5996 0.151867 0.457132 0.40458
0.600479 0.152489 0.458137 0.405013
0.601357 0.153113 0.459141 0.405445
0.602234 0.153738 0.460149 0.405877
0.603109 0.154366 0.461157 0.406307
0.603983 0.154995 0.462168 0.406738
0.604856 0.155626 0.46318 0.407167
0.605728 0.156258 0.464194 0.407596
0.606598 0.156892 0.465209 0.408025
0.607468 0.157528 0.466226 0.408452
0.608335 0.158166 0.467246 0.40888
0.609202 0.158805 0.468267 0.409306
0.610068 0.159446 0.46929 0.409732
0.610932 0.160089 0.470314 0.410157
0.611795 0.160734 0.471341 0.410582
0.612656 0.16138 0.472369 0.411006
0.613517 0.162027 0.4734 0.41143
0.614376 0.162677 0.474433 0.411853
0.615234 0.163328 0.475468 0.412275
0.61609 0.163981 0.476505 0.412697
0.616946 0.164635 0.477544 0.413119
0.6178 0.165291 0.478585 0.413539
0.618652 0.165949 0.479629 0.41396
0.619504 0.166609 0.480674 0.414379
0.620354 0.16727 0.481723 0.414798
0.621203 0.167932 0.482772 0.415217
0.622051 0.168597 0.483825 0.415635
0.622897 0.169262 0.48488 0.416052
0.623742 0.16993 0.485937 0.416469
0.624586 0.170599 0.486997 0.416886
0.625429 0.17127 0.488058 0.417302
0.62627 0.171942 0.489123 0.417717
0.62711 0.172616 0.49019 0.418132
0.627949 0.173292 0.49126 0.418547
0.628787 0.173969 0.492332 0.418961
0.629623 0.174647 0.493406 0.419374
0.630458 0.175327 0.494484 0.419788
0.631292 0.176009 0.495564 0.4202
0.632124 0.176693 0.496646 0.420612
0.632955 0.177377 0.497732 0.421024
0.633785 0.178064 0.498819 0.421435
0.634614 0.178752 0.49991 0.421846
0.635441 0.179441 0.501003 0.422257
0.636268 0.180132 0.5021 0.422667
0.637092 0.180825 0.503199 0.423076
0.637916 0.181519 0.504301 0.423486
0.638738 0.182214 0.505406 0.423895
0.639559 0.182911 0.506514 0.424303
0.640379 0.18361 0.507624 0.424711
0.641198 0.18431 0.508738 0.425119
0.642015 0.185011 0.509855 0.425527
0.642831 0.185714 0.510975 0.425934
0.643645 0.186419 0.512098 0.42634
0.644459 0.187125 0.513224 0.426747
0.645271 0.187832 0.514353 0.427153
0.646082 0.188541 0.515485 0.427559
0.646892 0.189251 0.51662 0.427964
0.6477 0.189962 0.517759 0.42837
0.648507 0.190675 0.518901 0.428775
0.649313 0.19139 0.520045 0.429179
0.650118 0.192106 0.521194 0.429584
0.650921 0.192823 0.522345 0.429988
0.651723 0.193542 0.5235 0.430392
0.652524 0.194262 0.524658 0.430796
0.653324 0.194983 0.525823 0.431201
0.654122 0.195706 0.526989 0.431605
0.654919 0.19643 0.52816 0.432009
0.655715 0.197156 0.529334 0.432413
0.65651 0.197883 0.530511 0.432817
0.657303 0.198611 0.531693 0.433221
0.658096 0.19934 0.532877 0.433624
0.658887 0.200071 0.534065 0.434028
0.659677 0.200803 0.535256 0.434431
0.660465 0.201537 0.536451 0.434834
0.661253 0.202272 0.53765 0.435237
0.662039 0.203008 0.538852 0.43564
0.662823 0.203745 0.540058 0.436043
0.663607 0.204484 0.541268 0.436446
0.66439 0.205224 0.542481 0.436849
0.665171 0.205965 0.543698 0.437252
0.665951 0.206708 0.544918 0.437654
0.66673 0.207451 0.546142 0.438057
0.667508 0.208197 0.54737 0.438459
0.668284 0.208943 0.548602 0.438862
0.669059 0.20969 0.549837 0.439265
0.669833 0.210439 0.551076 0.439667
0.670606 0.211189 0.552319 0.44007
0.671378 0.211941 0.553566 0.440473
0.672148 0.212693 0.554816 0.440876
0.672918 0.213447 0.55607 0.441278
0.673686 0.214201 0.557329 0.441681
0.674453 0.214958 0.558591 0.442084
0.675219 0.215715 0.559857 0.442488
0.675983 0.216473 0.561126 0.442891
0.676747 0.217233 0.5624 0.443294
0.677509 0.217993 0.563678 0.443698
0.67827 0.218755 0.564959 0.444102
0.67903 0.219519 0.566245 0.444505
0.679789 0.220283 0.567534 0.44491
0.680547 0.221048 0.568826 0.445314
0.681303 0.221815 0.570124 0.445719
0.682058 0.222583 0.571425 0.446123
0.682813 0.223351 0.57273 0.446528
0.683566 0.224121 0.574039 0.446933
0.684318 0.224892 0.575352 0.447339
0.685069 0.225664 0.576669 0.447745
0.685818 0.226437 0.57799 0.448151
0.686567 0.227211 0.579315 0.448557
0.687315 0.227987 0.580643 0.448963
0.688061 0.228763 0.581976 0.44937
0.688806 0.229541 0.583313 0.449778
0.689551 0.230319 0.584654 0.450185
0.690294 0.231098 0.585999 0.450593
0.691036 0.231879 0.587347 0.451002
0.691777 0.232661 0.588699 0.45141
0.692516 0.233443 0.590056 0.451819
0.693255 0.234227 0.591417 0.452229
0.693993 0.235012 0.592781 0.452639
0.694729 0.235797 0.594149 0.453049
0.695465 0.236584 0.595522 0.45346
0.696199 0.237372 0.596898 0.453871
0.696933 0.23816 0.598279 0.454283
0.697665 0.23895 0.599663 0.454695
0.698396 0.239741 0.601051 0.455107
0.699127 0.240532 0.602443 0.45552
0.699856 0.241325 0.603839 0.455934
0.700584 0.242118 0.605239 0.456347
0.701312 0.242912 0.606643 0.456762
0.702038 0.243708 0.608051 0.457177
0.702763 0.244504 0.609462 0.457592
0.703488 0.245301 0.610877 0.458008
0.704211 0.246099 0.612296 0.458424
0.704933 0.246898 0.61372 0.458841
0.705654 0.247698 0.615147 0.459259
0.706375 0.248499 0.616577 0.459677
0.707094 0.2493 0.618011 0.460096
0.707812 0.250103 0.61945 0.460515
0.70853 0.250906 0.620892 0.460935
0.709246 0.25171 0.622338 0.461355
0.709961 0.252515 0.623786 0.461776
0.710676 0.253321 0.62524 0.462197
0.711389 0.254128 0.626696 0.462619
0.712102 0.254935 0.628157 0.463042
0.712814 0.255743 0.62962 0.463465
0.713525 0.256553 0.631088 0.463889
0.714234 0.257363 0.632559 0.464313
0.714943 0.258173 0.634033 0.464738
0.715651 0.258985 0.635512 0.465163
0.716359 0.259797 0.636993 0.465589
0.717065 0.26061 0.638479 0.466016
0.717771 0.261424 0.639967 0.466443
0.718475 0.262238 0.641459 0.46687
0.719179 0.263053 0.642955 0.467298
0.719882 0.263869 0.644453 0.467727
0.720584 0.264686 0.645956 0.468156
0.721286 0.265503 0.647461 0.468586
0.721986 0.266321 0.64897 0.469016
0.722686 0.26714 0.650481 0.469447
0.723385 0.26796 0.651996 0.469879
0.724083 0.26878 0.653515 0.470311
0.72478 0.269601 0.655036 0.470743
0.725477 0.270422 0.65656 0.471176
0.726172 0.271244 0.658087 0.47161
0.726867 0.272067 0.659618 0.472044
0.727562 0.27289 0.661151 0.472478
0.728255 0.273714 0.662688 0.472913
0.728948 0.274539 0.664227 0.473348
0.72964 0.275364 0.665769 0.473784
0.730331 0.27619 0.667314 0.47422
0.731022 0.277017 0.668862 0.474657
0.731712 0.277844 0.670412 0.475094
0.732401 0.278671 0.671965 0.475531
0.733089 0.279499 0.673521 0.475969
0.733777 0.280328 0.675079 0.476407
0.734464 0.281157 0.67664 0.476846
0.735151 0.281987 0.678203 0.477284
0.735837 0.282817 0.679769 0.477723
0.736522 0.283648 0.681337 0.478162
0.737207 0.28448 0.682908 0.478602
0.737891 0.285311 0.68448 0.479041
0.738575 0.286144 0.686057 0.479481
0.739258 0.286976 0.687634 0.479921
0.739941 0.287809 0.689213 0.480361
0.740623 0.288643 0.690795 0.480801
0.741304 0.289477 0.692379 0.481241
0.741985 0.290311 0.693965 0.481681
0.742665 0.291146 0.695553 0.482121
0.743345 0.291981 0.697143 0.482561
0.744025 0.292817 0.698734 0.483001
0.744704 0.293653 0.700328 0.483441
0.745382 0.294489 0.701924 0.483881
0.74606 0.295326 0.703521 0.48432
0.746738 0.296163 0.705119 0.48476
0.747415 0.297001 0.706719 0.485199
0.748092 0.297839 0.708321 0.485638
0.748768 0.298677 0.709925 0.486077
0.749444 0.299515 0.711529 0.486515
0.75012 0.300354 0.713135 0.486953
0.750795 0.301193 0.714743 0.48739
0.75147 0.302032 0.716352 0.487827
0.752145 0.302872 0.717961 0.488263
0.752819 0.303711 0.719572 0.488699
0.753493 0.304551 0.721185 0.489134
0.754167 0.305392 0.722798 0.489568
0.754841 0.306232 0.724411 0.490002
0.755514 0.307073 0.726027 0.490434
0.756187 0.307913 0.727643 0.490866
0.75686 0.308754 0.729259 0.491297
0.757533 0.309596 0.730877 0.491727
0.758206 0.310437 0.732495 0.492156
0.758878 0.311278 0.734113 0.492584
0.75955 0.31212 0.735733 0.493011
0.760222 0.312961 0.737353 0.493436
0.760894 0.313803 0.738972 0.49386
0.761566 0.314645 0.740593 0.494283
0.762238 0.315486 0.742214 0.494704
0.76291 0.316328 0.743836 0.495124
0.763582 0.31717 0.745457 0.495542
0.764254 0.318011 0.747078 0.495959
0.764926 0.318853 0.7487 0.496374
0.765598 0.319695 0.750322 0.496787
0.76627 0.320536 0.751943 0.497198
0.766942 0.321378 0.753564 0.497607
0.767615 0.322219 0.755186 0.498015
0.768287 0.323061 0.756807 0.49842
0.76896 0.323902 0.758427 0.498823
0.769632 0.324743 0.760047 0.499224
0.770305 0.325584 0.761667 0.499623
0.770978 0.326425 0.763286 0.500019
0.771651 0.327266 0.764904 0.500413
0.772325 0.328106 0.766522 0.500804
0.772998 0.328947 0.76814 0.501193
0.773672 0.329787 0.769756 0.501579
0.774347 0.330626 0.771372 0.501961
0.775021 0.331466 0.772986 0.502342
0.775696 0.332305 0.7746 0.502719
0.776371 0.333144 0.776212 0.503093
0.777047 0.333983 0.777824 0.503463
0.777723 0.334821 0.779434 0.503831
0.7784 0.335659 0.781043 0.504195
0.779077 0.336497 0.78265 0.504556
0.779754 0.337334 0.784256 0.504913
0.780432 0.338171 0.785861 0.505266
0.781111 0.339007 0.787464 0.505616
0.78179 0.339843 0.789065 0.505962
0.78247 0.340678 0.790665 0.506303
0.78315 0.341513 0.792264 0.506641
0.783831 0.342348 0.793859 0.506975
0.784513 0.343181 0.795454 0.507304
0.785195 0.344015 0.797046 0.507629
0.785878 0.344847 0.798636 0.507949
0.786562 0.34568 0.800224 0.508266
0.787246 0.346511 0.80181 0.508577
0.787931 0.347342 0.803394 0.508883
0.788618 0.348172 0.804975 0.509185
0.789304 0.349002 0.806553 0.509481
0.789992 0.34983 0.808129 0.509772
0.790681 0.350658 0.809703 0.510058
0.791371 0.351485 0.811274 0.510339
0.792061 0.352312 0.812842 0.510614
0.792753 0.353137 0.814407 0.510883
0.793446 0.353962 0.815969 0.511147
0.79414 0.354786 0.817529 0.511405
0.794834 0.355608 0.819085 0.511657
0.79553 0.35643 0.820638 0.511903
0.796227 0.357251 0.822187 0.512143
0.796926 0.358071 0.823734 0.512377
0.797625 0.35889 0.825277 0.512604
0.798325 0.359709 0.826815 0.512825
0.799027 0.360526 0.82835 0.513039
0.79973 0.361341 0.829883 0.513247
0.800434 0.362156 0.83141 0.513448
0.80114 0.36297 0.832934 0.513641
0.801847 0.363782 0.834453 0.513828
0.802555 0.364594 0.835969 0.514008
0.803265 0.365404 0.83748 0.51418
0.803976 0.366213 0.838987 0.514345
0.804688 0.36702 0.840489 0.514502
0.805402 0.367827 0.841986 0.514652
0.806118 0.368631 0.843479 0.514794
0.806835 0.369435 0.844967 0.514929
0.807553 0.370237 0.84645 0.515055
0.808273 0.371038 0.847928 0.515174
0.808995 0.371837 0.8494 0.515284
0.809718 0.372635 0.850868 0.515386
0.810443 0.373431 0.85233 0.51548
0.81117 0.374226 0.853786 0.515565
0.811899 0.37502 0.855236 0.515643
0.812629 0.375811 0.856681 0.515711
0.813361 0.376601 0.85812 0.51577
0.814095 0.377389 0.859552 0.515821
0.81483 0.378176 0.860977 0.515863
0.815568 0.378961 0.862398 0.515895
0.816307 0.379744 0.86381 0.515919
0.817048 0.380525 0.865217 0.515934
0.817792 0.381305 0.866616 0.515939
0.818537 0.382082 0.868009 0.515935
0.819284 0.382858 0.869394 0.515922
0.820033 0.383632 0.870772 0.515899
0.820784 0.384404 0.872142 0.515867
0.821537 0.385173 0.873505 0.515825
0.822292 0.385941 0.87486 0.515773
0.82305 0.386707 0.876207 0.515711
0.823809 0.38747 0.877546 0.51564
0.824571 0.388232 0.878876 0.515559
0.825334 0.388991 0.880198 0.515468
0.8261 0.389748 0.881511 0.515367
0.826869 0.390503 0.882816 0.515255
0.827639 0.391255 0.884111 0.515134
0.828412 0.392006 0.885396 0.515003
0.829187 0.392753 0.886674 0.514861
0.829964 0.393499 0.887941 0.514709
0.830744 0.394242 0.889197 0.514547
0.831526 0.394982 0.890445 0.514375
0.83231 0.39572 0.891682 0.514192
0.833097 0.396456 0.892908 0.513999
0.833886 0.397188 0.894124 0.513796
0.834678 0.397919 0.895329 0.513582
0.835472 0.398646 0.896523 0.513359
0.836268 0.399371 0.897706 0.513124
0.837067 0.400094 0.898877 0.51288
0.837868 0.400813 0.900036 0.512625
0.838672 0.40153 0.901185 0.51236
0.839478 0.402244 0.90232 0.512085
0.840287 0.402955 0.903443 0.511799
0.841098 0.403664 0.904554 0.511503
0.841912 0.404369 0.905651 0.511197
0.842728 0.405072 0.906736 0.510881
0.843547 0.405771 0.907808 0.510554
0.844368 0.406468 0.908866 0.510217
0.845192 0.407162 0.90991 0.509871
0.846019 0.407852 0.910941 0.509515
0.846848 0.40854 0.911959 0.509148
0.847679 0.409224 0.912961 0.508772
0.848514 0.409905 0.913948 0.508386
0.84935 0.410583 0.914922 0.507991
0.85019 0.411258 0.91588 0.507585
0.851032 0.411929 0.916822 0.507171
0.851876 0.412598 0.917749 0.506746
0.852723 0.413263 0.918661 0.506313
0.853573 0.413924 0.919557 0.50587
0.854425 0.414583 0.920436 0.505418
0.85528 0.415238 0.921299 0.504957
0.856138 0.415889 0.922145 0.504487
0.856998 0.416537 0.922976 0.504009
0.857861 0.417182 0.923788 0.503522
0.858726 0.417823 0.924584 0.503026
0.859594 0.41846 0.925362 0.502522
0.860465 0.419094 0.926122 0.502009
0.861338 0.419725 0.926865 0.501489
0.862214 0.420352 0.92759 0.50096
0.863092 0.420975 0.928295 0.500424
0.863973 0.421595 0.928983 0.499881
0.864856 0.42221 0.929652 0.499329
0.865742 0.422823 0.930303 0.49877
0.866631 0.423431 0.930934 0.498205
0.867522 0.424036 0.931545 0.497632
0.868415 0.424637 0.932138 0.497052
0.869312 0.425235 0.932711 0.496467
0.87021 0.425829 0.933263 0.495874
0.871111 0.426418 0.933796 0.495275
0.872015 0.427004 0.934308 0.494671
0.872921 0.427586 0.934801 0.49406
0.87383 0.428164 0.935272 0.493444
0.874741 0.428739 0.935723 0.492822
0.875654 0.42931 0.936154 0.492196
0.87657 0.429876 0.936564 0.491564
0.877488 0.430439 0.936951 0.490928
0.878408 0.430998 0.937318 0.490286
0.879331 0.431553 0.937664 0.489641
0.880257 0.432104 0.937987 0.488991
0.881184 0.432651 0.93829 0.488338
0.882115 0.433194 0.938571 0.487681
0.883047 0.433733 0.938829 0.48702
0.883982 0.434268 0.939065 0.486356
0.884919 0.434799 0.93928 0.485689
0.885858 0.435326 0.939472 0.485019
0.8868 0.435849 0.939641 0.484348
0.887743 0.436368 0.939789 0.483673
0.888689 0.436883 0.939914 0.482997
0.889637 0.437394 0.940016 0.482319
0.890587 0.437901 0.940096 0.481639
0.89154 0.438404 0.940153 0.480958
0.892494 0.438903 0.940188 0.480276
0.893451 0.439398 0.940199 0.479594
0.894409 0.439889 0.940187 0.478911
0.89537 0.440376 0.940153 0.478228
0.896332 0.440859 0.940096 0.477544
0.897297 0.441338 0.940015 0.476861
0.898264 0.441813 0.939912 0.476179
0.899232 0.442285 0.939786 0.475497
0.900203 0.442752 0.939637 0.474816
0.901175 0.443215 0.939464 0.474138
0.902149 0.443674 0.939269 0.473461
0.903125 0.444129 0.939049 0.472786
0.904103 0.44458 0.938807 0.472113
0.905083 0.445027 0.938542 0.471442
0.906064 0.445471 0.938254 0.470775
0.907048 0.44591 0.937943 0.470111
0.908033 0.446346 0.937608 0.469451
0.909019 0.446778 0.937252 0.468795
0.910008 0.447205 0.936871 0.468143
0.910998 0.447629 0.936468 0.467496
0.911989 0.448049 0.936041 0.466854
0.912983 0.448465 0.935593 0.466218
0.913978 0.448878 0.935121 0.465588
0.914974 0.449286 0.934625 0.464965
0.915972 0.449691 0.934106 0.464349
0.916972 0.450092 0.933565 0.463741
0.917973 0.450489 0.933001 0.463142
0.918975 0.450883 0.932413 0.462552
0.919979 0.451273 0.931803 0.461973
0.920985 0.451659 0.931169 0.461404
0.921991 0.452042 0.930511 0.460847
0.922999 0.452421 0.929831 0.460304
0.924008 0.452798 0.929127 0.459775
0.925019 0.45317 0.928398 0.459262
0.926031 0.45354 0.927647 0.458766
0.927043 0.453906 0.926871 0.458289
0.928057 0.454269 0.927908 0.458425
0.928057 0.454269 0.928057 0.454269
